date_generated,id,icpsr,bioname,congress,chamber,cqlabel,state,state_abbrev,district_code,party_code,party_noun,dim1,dim2,geo_mean_probability,number_of_errors,number_of_votes,log_likelihood
2017-02-01 05:21:37,MH02702150,2150,"CRANSTON, Robert Bennie",27,House,(RI-00),Rhode Island,RI,98,29,,0.407,0.119,0.776,99,872,-221.45682
2017-02-01 05:21:37,MH02709384,9384,"TILLINGHAST, Joseph Leonard",27,House,(RI-00),Rhode Island,RI,98,29,,0.39,-0.115,0.745,116,871,-256.91546
2017-02-01 05:21:37,MH02700305,305,"AYCRIGG, John Bancker",27,House,(NJ-00),New Jersey,NJ,98,29,,0.215,0.225,0.732,113,754,-235.60378
2017-02-01 05:21:37,MH02706096,6096,"MAXWELL, John Patterson Bryan",27,House,(NJ-00),New Jersey,NJ,98,29,,0.233,0.125,0.732,140,880,-273.96669
2017-02-01 05:21:37,MH02710430,10430,"YORKE, Thomas Jones",27,House,(NJ-00),New Jersey,NJ,98,29,,0.331,0.264,0.837,56,709,-125.75592
2017-02-01 05:21:37,MH02703974,3974,"HALSTEAD, William",27,House,(NJ-00),New Jersey,NJ,98,29,,0.239,0.083,0.729,100,692,-218.50731
2017-02-01 05:21:37,MH02709013,9013,"STRATTON, Charles Creighton",27,House,(NJ-00),New Jersey,NJ,98,29,,0.166,0.271,0.732,132,838,-261.64609
2017-02-01 05:21:37,MH02707724,7724,"RANDOLPH, Joseph Fitz",27,House,(NJ-00),New Jersey,NJ,98,29,,0.275,0.142,0.787,81,723,-173.00079
2017-02-01 05:21:37,MH02701262,1262,"BURKE, Edmund",27,House,(NH-00),New Hampshire,NH,98,100,,-0.479,-0.668,0.849,53,855,-140.19611
2017-02-01 05:21:37,MH02700278,278,"ATHERTON, Charles Gordon",27,House,(NH-00),New Hampshire,NH,98,100,,-0.492,-0.702,0.841,63,881,-152.53416
2017-02-01 05:21:37,MH02708422,8422,"SHAW, Tristram",27,House,(NH-00),New Hampshire,NH,98,100,,-0.517,-0.702,0.847,56,766,-127.53827
2017-02-01 05:21:37,MH02702824,2824,"EASTMAN, Ira Allen",27,House,(NH-00),New Hampshire,NH,98,100,,-0.526,-0.711,0.881,35,732,-93.14427
2017-02-01 05:21:37,MH02707776,7776,"REDING, John Randall",27,House,(NH-00),New Hampshire,NH,98,100,,-0.384,-0.477,0.809,77,888,-188.46577
2017-02-01 05:21:37,MH02706491,6491,"MILLER, John",27,House,(MO-00),Missouri,MO,98,100,,-0.405,-0.48,0.786,88,732,-176.36038
2017-02-01 05:21:37,MH02702870,2870,"EDWARDS, John Cummins",27,House,(MO-00),Missouri,MO,98,100,,-0.4,-0.308,0.805,75,701,-151.94652
2017-02-01 05:21:37,MH02709325,9325,"THOMPSON, Jacob",27,House,(MS-00),Mississippi,MS,98,100,,-0.523,0.013,0.65,89,572,-246.75537
2017-02-01 05:21:37,MH02703887,3887,"GWIN, William McKendree",27,House,(MS-00),Mississippi,MS,98,100,,-0.381,-0.373,0.666,67,480,-195.10395
2017-02-01 05:21:37,MH02702053,2053,"COOPER, Mark Anthony",27,House,(GA-00),Georgia,GA,98,100,,-0.567,0.761,0.694,77,464,-169.80372
2017-02-01 05:21:37,MH02701954,1954,"COLQUITT, Walter Terry",27,House,(GA-00),Georgia,GA,98,100,,-0.667,0.741,0.722,31,208,-67.63551
2017-02-01 05:21:37,MH02700738,738,"BLACK, Edward Junius",27,House,(GA-00),Georgia,GA,98,100,,-0.527,0.58,0.75,47,352,-101.17844
2017-02-01 05:21:37,MH02702160,2160,"CRAWFORD, George Walker",27,House,(GA-00),Georgia,GA,98,29,,-0.087,0.996,0.69,9,47,-17.41137
2017-02-01 05:21:37,MH02706934,6934,"NISBET, Eugenius Aristides",27,House,(GA-00),Georgia,GA,98,29,,-0.258,0.955,0.716,29,172,-57.57967
2017-02-01 05:21:37,MH02700091,91,"ALFORD, Julius Caesar",27,House,(GA-00),Georgia,GA,98,29,,-0.312,0.924,0.647,23,105,-45.67492
2017-02-01 05:21:37,MH02702431,2431,"DAWSON, William Crosby",27,House,(GA-00),Georgia,GA,98,29,,-0.269,0.963,0.66,49,237,-98.51075
2017-02-01 05:21:37,MH02703893,3893,"HABERSHAM, Richard Wylly",27,House,(GA-00),Georgia,GA,98,29,,-0.2,0.68,0.595,179,647,-336.42725
2017-02-01 05:21:37,MH02703448,3448,"GAMBLE, Roger Lawson",27,House,(GA-00),Georgia,GA,98,29,,-0.238,0.897,0.656,151,721,-304.35435
2017-02-01 05:21:37,MH02709845,9845,"WARREN, Lott",27,House,(GA-00),Georgia,GA,98,29,,-0.182,0.983,0.665,151,794,-324.33026
2017-02-01 05:21:37,MH02703316,3316,"FOSTER, Thomas Flournoy",27,House,(GA-00),Georgia,GA,98,29,,-0.384,0.923,0.612,107,409,-200.67094
2017-02-01 05:21:37,MH02706425,6425,"MERIWETHER, James A.",27,House,(GA-00),Georgia,GA,98,29,,-0.244,0.919,0.625,147,604,-283.60556
2017-02-01 05:21:37,MH02705273,5273,"KING, Thomas Butler",27,House,(GA-00),Georgia,GA,98,29,,-0.091,0.771,0.639,120,518,-232.1694
2017-02-01 05:21:37,MH02704610,4610,"HOUSTON, George Smith",27,House,(AL-00),Alabama,AL,98,100,,-0.6,-0.141,0.81,74,777,-163.55826
2017-02-01 05:21:37,MH02707274,7274,"PAYNE, William Winter",27,House,(AL-00),Alabama,AL,98,100,,-0.635,0.298,0.825,55,700,-134.70488
2017-02-01 05:21:37,MH02708467,8467,"SHIELDS, Benjamin Glover",27,House,(AL-00),Alabama,AL,98,100,,-0.389,-0.063,0.769,68,597,-156.85438
2017-02-01 05:21:37,MH02701658,1658,"CHAPMAN, Reuben",27,House,(AL-00),Alabama,AL,98,100,,-0.571,0.289,0.819,68,707,-140.77664
2017-02-01 05:21:37,MH02705635,5635,"LEWIS, Dixon Hall",27,House,(AL-00),Alabama,AL,98,100,,-0.623,0.782,0.782,67,665,-163.89569
2017-02-01 05:21:37,MH02700313,313,"BABCOCK, Alfred",27,House,(NY-33),New York,NY,33,29,,0.237,0.15,0.757,80,645,-179.65722
2017-02-01 05:21:37,MH02703140,3140,"FILLMORE, Millard",27,House,(NY-32),New York,NY,32,29,,0.312,-0.04,0.794,89,911,-210.17719
2017-02-01 05:21:37,MH02701801,1801,"CLARKE, Staley Nichols",27,House,(NY-31),New York,NY,31,29,,0.451,0.046,0.851,29,528,-85.02874
2017-02-01 05:21:37,MH02710445,10445,"YOUNG, John",27,House,(NY-30),New York,NY,30,29,,0.292,0.045,0.758,89,710,-196.36506
2017-02-01 05:21:37,MH02703505,3505,"GATES, Seth Merrill",27,House,(NY-29),New York,NY,29,29,,0.403,-0.218,0.767,61,497,-131.72734
2017-02-01 05:21:37,MH02701693,1693,"CHILDS, Timothy",27,House,(NY-28),New York,NY,28,29,,0.417,0.136,0.827,47,595,-112.8446
2017-02-01 05:21:37,MH02707065,7065,"OLIVER, William Morrison",27,House,(NY-27),New York,NY,27,100,,-0.116,-0.442,0.636,96,390,-176.48083
2017-02-01 05:21:37,MH02703750,3750,"GRANGER, Francis",27,House,(NY-26),New York,NY,26,29,,0.401,-0.021,0.798,63,622,-140.35163
2017-02-01 05:21:37,MH02703811,3811,"GREIG, John",27,House,(NY-26),New York,NY,26,29,,0.363,-0.025,0.876,12,231,-30.59095
2017-02-01 05:21:37,MH02707491,7491,"PLUMER, Arnold",27,House,(PA-25),Pennsylvania,PA,25,100,,-0.214,-0.797,0.714,121,721,-243.02307
2017-02-01 05:21:37,MH02706113,6113,"MAYNARD, John",27,House,(NY-25),New York,NY,25,29,,0.298,0.236,0.787,96,791,-189.62734
2017-02-01 05:21:37,MH02704343,4343,"HENRY, Thomas",27,House,(PA-24),Pennsylvania,PA,24,29,,0.331,-0.264,0.8,55,607,-135.75565
2017-02-01 05:21:37,MH02706673,6673,"MORGAN, Christopher",27,House,(NY-24),New York,NY,24,29,,0.298,0.149,0.782,92,834,-205.40612
2017-02-01 05:21:37,MH02704840,4840,"JACK, William",27,House,(PA-23),Pennsylvania,PA,23,100,,-0.359,-0.512,0.821,60,630,-124.03003
2017-02-01 05:21:37,MH02703298,3298,"FOSTER, A. Lawrence",27,House,(NY-23),New York,NY,23,29,,0.184,0.129,0.703,110,647,-228.4066
2017-02-01 05:21:37,MH02700729,729,"BIRDSEYE, Victory",27,House,(NY-23),New York,NY,23,29,,0.138,-0.002,0.637,198,856,-386.10751
2017-02-01 05:21:37,MH02704829,4829,"IRWIN, William Wallace",27,House,(PA-22),Pennsylvania,PA,22,29,,0.33,-0.944,0.65,149,780,-335.64363
2017-02-01 05:21:37,MH02707905,7905,"RIGGS, Lewis",27,House,(NY-22),New York,NY,22,100,,-0.258,-0.264,0.673,173,920,-363.67128
2017-02-01 05:21:37,MH02707225,7225,"PARTRIDGE, Samuel",27,House,(NY-22),New York,NY,22,100,,-0.129,-0.487,0.653,120,594,-253.24397
2017-02-01 05:21:37,MH02708878,8878,"STEENROD, Lewis",27,House,(VA-21),Virginia,VA,21,100,,-0.438,-0.279,0.805,83,905,-196.04574
2017-02-01 05:21:37,MH02706295,6295,"McKENNAN, Thomas McKean Thompson",27,House,(PA-21),Pennsylvania,PA,21,29,,0.318,0.042,0.772,44,400,-103.40696
2017-02-01 05:21:37,MH02705514,5514,"LAWRENCE, Joseph",27,House,(PA-21),Pennsylvania,PA,21,29,,0.24,0.064,0.782,43,364,-89.63142
2017-02-01 05:21:37,MH02701775,1775,"CLARK, John Chamberlain",27,House,(NY-21),New York,NY,21,29,,0.136,0.022,0.747,93,841,-244.94595
2017-02-01 05:21:37,MH02704551,4551,"HOOK, Enos",27,House,(PA-20),Pennsylvania,PA,20,100,,-0.199,-0.366,,,,
2017-02-01 05:21:37,MH02704246,4246,"HAYS, Samuel Lewis",27,House,(VA-20),Virginia,VA,20,100,,-0.338,0.02,0.732,116,831,-259.11204
2017-02-01 05:21:37,MH02700582,582,"BEESON, Henry White",27,House,(PA-20),Pennsylvania,PA,20,100,,-0.22,-0.312,0.675,148,749,-293.97788
2017-02-01 05:21:37,MH02703699,3699,"GORDON, Samuel",27,House,(NY-20),New York,NY,20,100,,-0.225,-0.597,0.737,100,741,-225.65619
2017-02-01 05:21:37,MH02709081,9081,"SUMMERS, George William",27,House,(VA-19),Virginia,VA,19,29,,-0.064,0.88,0.732,119,835,-260.11463
2017-02-01 05:21:37,MH02705975,5975,"MARCHAND, Albert Gallatin",27,House,(PA-19),Pennsylvania,PA,19,100,,-0.326,-0.76,0.779,80,706,-176.1594
2017-02-01 05:21:37,MH02708968,8968,"STOKELY, Samuel",27,House,(OH-19),Ohio,OH,19,29,,0.172,0.163,0.724,95,645,-208.25796
2017-02-01 05:21:37,MH02700922,922,"BOWNE, Samuel Smith",27,House,(NY-19),New York,NY,19,100,,-0.316,-0.897,0.77,86,735,-192.02846
2017-02-01 05:21:37,MH02707035,7035,"OGLE, Charles",27,House,(PA-18),Pennsylvania,PA,18,29,,0.466,-0.276,,,,
2017-02-01 05:21:37,MH02704568,4568,"HOPKINS, George Washington",27,House,(VA-18),Virginia,VA,18,100,,-0.448,0.258,0.717,130,869,-289.59585
2017-02-01 05:21:37,MH02708129,8129,"RUSSELL, James McPherson",27,House,(PA-18),Pennsylvania,PA,18,29,,0.27,0.068,0.721,99,674,-220.54241
2017-02-01 05:21:37,MH02700742,742,"BLACK, Henry",27,House,(PA-18),Pennsylvania,PA,18,29,,0.212,0.123,0.747,20,164,-47.8095
2017-02-01 05:21:37,MH02702444,2444,"DEAN, Ezra",27,House,(OH-18),Ohio,OH,18,100,,-0.26,-0.483,0.757,98,755,-210.29441
2017-02-01 05:21:37,MH02701710,1710,"CHITTENDEN, Thomas Cotton",27,House,(NY-18),New York,NY,18,29,,0.342,-0.009,0.765,97,808,-216.00917
2017-02-01 05:21:37,MH02709049,9049,"STUART, Alexander Hugh Holmes",27,House,(VA-17),Virginia,VA,17,29,,0.008,0.431,0.66,148,701,-291.50995
2017-02-01 05:21:37,MH02707761,7761,"READ, Almon Heath",27,House,(PA-17),Pennsylvania,PA,17,100,,-0.103,-0.355,0.587,98,384,-204.28145
2017-02-01 05:21:37,MH02702602,2602,"DIMOCK, Davis, Jr.",27,House,(PA-17),Pennsylvania,PA,17,100,,-0.155,-0.601,0.822,5,112,-22.0119
2017-02-01 05:21:37,MH02704179,4179,"HASTINGS, John",27,House,(OH-17),Ohio,OH,17,100,,-0.23,-0.625,0.79,63,670,-157.60255
2017-02-01 05:21:37,MH02701019,1019,"BREWSTER, David P.",27,House,(NY-17),New York,NY,17,100,,-0.147,-0.915,0.686,127,710,-267.44562
2017-02-01 05:21:37,MH02703236,3236,"FLOYD, John Gelston",27,House,(NY-17),New York,NY,17,100,,-0.154,-0.988,0.735,125,869,-267.9245
2017-02-01 05:21:37,MH02704118,4118,"HARRIS, William Alexander",27,House,(VA-16),Virginia,VA,16,100,,-0.399,-0.293,0.816,58,734,-148.82792
2017-02-01 05:21:37,MH02708734,8734,"SNYDER, John",27,House,(PA-16),Pennsylvania,PA,16,100,,-0.326,-0.446,0.705,127,815,-284.77701
2017-02-01 05:21:37,MH02703567,3567,"GIDDINGS, Joshua Reed",27,House,(OH-16),Ohio,OH,16,29,,0.53,-0.77,0.699,101,671,-240.14404
2017-02-01 05:21:37,MH02702645,2645,"DOIG, Andrew Wheeler",27,House,(NY-16),New York,NY,16,100,,-0.225,-0.974,0.77,84,703,-183.84817
2017-02-01 05:21:37,MH02700496,496,"BARTON, Richard Walker",27,House,(VA-15),Virginia,VA,15,29,,-0.05,0.621,0.629,186,785,-363.75772
2017-02-01 05:21:37,MH02700696,696,"BIDLACK, Benjamin Alden",27,House,(PA-15),Pennsylvania,PA,15,100,,-0.182,-0.268,0.687,149,749,-281.45832
2017-02-01 05:21:37,MH02700199,199,"ANDREWS, Sherlock James",27,House,(OH-15),Ohio,OH,15,29,,0.342,-0.081,0.774,100,814,-208.40626
2017-02-01 05:21:37,MH02708207,8207,"SANFORD, John",27,House,(NY-15),New York,NY,15,100,,-0.084,-0.997,0.742,94,648,-193.02691
2017-02-01 05:21:37,MH02707570,7570,"POWELL, Cuthbert",27,House,(VA-14),Virginia,VA,14,29,,0.039,0.872,0.746,121,840,-245.66438
2017-02-01 05:21:37,MH02704818,4818,"IRVIN, James",27,House,(PA-14),Pennsylvania,PA,14,29,,0.302,-0.127,0.783,78,704,-172.07496
2017-02-01 05:21:37,MH02709115,9115,"SWEENY, George",27,House,(OH-14),Ohio,OH,14,100,,-0.319,-0.333,0.786,68,637,-153.70319
2017-02-01 05:21:37,MH02709628,9628,"VAN RENSSELAER, Henry Bell",27,House,(NY-14),New York,NY,14,29,,0.314,-0.0,0.763,74,631,-171.07584
2017-02-01 05:21:37,MH02708697,8697,"SMITH, William",27,House,(VA-13),Virginia,VA,13,100,,-0.512,-0.153,0.791,51,455,-106.66649
2017-02-01 05:21:37,MH02700408,408,"BANKS, Linn",27,House,(VA-13),Virginia,VA,13,100,,-0.444,0.081,0.797,15,201,-45.71129
2017-02-01 05:21:37,MH02710138,10138,"WILLIAMS, Christopher Harris",27,House,(TN-13),Tennessee,TN,13,29,,-0.174,0.841,0.633,181,795,-363.21506
2017-02-01 05:21:37,MH02703883,3883,"GUSTINE, Amos",27,House,(PA-13),Pennsylvania,PA,13,100,,-0.154,-0.58,0.675,106,593,-233.40986
2017-02-01 05:21:37,MH02706073,6073,"MATHEWS, James",27,House,(OH-13),Ohio,OH,13,100,,-0.343,-0.398,0.792,62,669,-156.03255
2017-02-01 05:21:37,MH02706553,6553,"MITCHELL, Anderson",27,House,(NC-13),North Carolina,NC,13,29,,-0.174,0.532,0.582,126,432,-234.18976
2017-02-01 05:21:37,MH02710170,10170,"WILLIAMS, Lewis",27,House,(NC-13),North Carolina,NC,13,29,,-0.055,0.488,0.69,65,380,-140.88443
2017-02-01 05:21:37,MH02709412,9412,"TOMLINSON, Thomas Ash",27,House,(NY-13),New York,NY,13,29,,0.387,-0.157,0.802,74,723,-159.81475
2017-02-01 05:21:37,MH02701357,1357,"BUTLER, William Orlando",27,House,(KY-13),Kentucky,KY,13,100,,-0.284,-0.128,0.747,91,683,-198.83799
2017-02-01 05:21:37,MH02703613,3613,"GILMER, Thomas Walker",27,House,(VA-12),Virginia,VA,12,29,,-0.353,0.498,0.635,159,656,-298.17517
2017-02-01 05:21:37,MH02701128,1128,"BROWN, Milton",27,House,(TN-12),Tennessee,TN,12,29,,-0.234,0.963,0.671,139,768,-306.6758
2017-02-01 05:21:37,MH02702048,2048,"COOPER, James",27,House,(PA-12),Pennsylvania,PA,12,29,,0.232,0.24,0.714,91,554,-186.38763
2017-02-01 05:21:37,MH02706077,6077,"MATHIOT, Joshua",27,House,(OH-12),Ohio,OH,12,29,,0.165,0.239,0.718,122,853,-283.14841
2017-02-01 05:21:37,MH02703733,3733,"GRAHAM, James",27,House,(NC-12),North Carolina,NC,12,29,,-0.263,0.871,0.651,153,775,-332.23701
2017-02-01 05:21:37,MH02700763,763,"BLAIR, Bernard",27,House,(NY-12),New York,NY,12,29,,0.351,0.017,0.798,82,865,-194.96151
2017-02-01 05:21:37,MH02700034,34,"ADAMS, John Quincy",27,House,(MA-12),Massachusetts,MA,12,29,,0.479,-0.519,0.593,202,928,-485.60503
2017-02-01 05:21:37,MH02702380,2380,"DAVIS, Garrett",27,House,(KY-12),Kentucky,KY,12,29,,-0.121,0.638,0.642,178,853,-377.84583
2017-02-01 05:21:37,MH02700874,874,"BOTTS, John Minor",27,House,(VA-11),Virginia,VA,11,29,,0.001,0.584,0.641,140,624,-277.20486
2017-02-01 05:21:37,MH02704945,4945,"JOHNSON, Cave",27,House,(TN-11),Tennessee,TN,11,100,,-0.487,-0.068,0.769,97,818,-215.35625
2017-02-01 05:21:37,MH02703543,3543,"GERRY, James",27,House,(PA-11),Pennsylvania,PA,11,100,,-0.321,-0.517,0.763,76,620,-167.89668
2017-02-01 05:21:37,MH02702103,2103,"COWEN, Benjamin Sprague",27,House,(OH-11),Ohio,OH,11,29,,0.128,0.095,0.642,205,923,-408.54761
2017-02-01 05:21:37,MH02701406,1406,"CALDWELL, Greene Washington",27,House,(NC-11),North Carolina,NC,11,100,,-0.541,-0.105,0.851,48,725,-117.35348
2017-02-01 05:21:37,MH02705686,5686,"LINN, Archibald Ladley",27,House,(NY-11),New York,NY,11,29,,0.192,0.137,0.7,130,788,-281.00661
2017-02-01 05:21:37,MH02701284,1284,"BURNELL, Barker",27,House,(MA-11),Massachusetts,MA,11,29,,0.535,-0.696,0.763,70,590,-159.29033
2017-02-01 05:21:37,MH02700197,197,"ANDREWS, Landaff Watson",27,House,(KY-11),Kentucky,KY,11,29,,-0.036,0.644,0.659,164,849,-354.48738
2017-02-01 05:21:37,MH02709167,9167,"TALIAFERRO, John",27,House,(VA-10),Virginia,VA,10,29,,-0.069,0.552,0.603,224,859,-434.77905
2017-02-01 05:21:37,MH02701094,1094,"BROWN, Aaron Venable",27,House,(TN-10),Tennessee,TN,10,100,,-0.495,0.05,0.776,99,782,-198.58761
2017-02-01 05:21:37,MH02708525,8525,"SIMONTON, William",27,House,(PA-10),Pennsylvania,PA,10,29,,0.338,-0.221,0.783,62,559,-137.00163
2017-02-01 05:21:37,MH02706062,6062,"MASON, Samson",27,House,(OH-10),Ohio,OH,10,29,,0.217,0.146,0.736,109,767,-235.14243
2017-02-01 05:21:37,MH02707822,7822,"RENCHER, Abraham",27,House,(NC-10),North Carolina,NC,10,29,,-0.294,0.754,0.62,133,539,-257.59209
2017-02-01 05:21:37,MH02700443,443,"BARNARD, Daniel Dewey",27,House,(NY-10),New York,NY,10,29,,0.422,-0.011,0.785,87,768,-185.49118
2017-02-01 05:21:37,MH02700860,860,"BORDEN, Nathaniel Briggs",27,House,(MA-10),Massachusetts,MA,10,29,,0.481,-0.576,0.737,95,694,-211.79126
2017-02-01 05:21:37,MH02706008,6008,"MARSHALL, Thomas Francis",27,House,(KY-10),Kentucky,KY,10,29,,-0.04,0.342,0.565,144,475,-271.34843
2017-02-01 05:21:37,MH02710033,10033,"WHITE, John",27,House,(KY-09),Kentucky,KY,9,29,,0.038,0.525,,,,
2017-02-01 05:21:37,MH02704759,4759,"HUNTER, Robert Mercer Taliaferro",27,House,(VA-09),Virginia,VA,9,328,,-0.576,0.749,0.796,63,701,-160.15614
2017-02-01 05:21:37,MH02709879,9879,"WATTERSON, Harvey Magee",27,House,(TN-09),Tennessee,TN,9,100,,-0.395,-0.021,0.751,101,718,-206.04666
2017-02-01 05:21:37,MH02701413,1413,"CALDWELL, Patrick Calhoun",27,House,(SC-09),South Carolina,SC,9,100,,-0.654,-0.04,0.842,57,840,-144.92943
2017-02-01 05:21:37,MH02705128,5128,"KEIM, George May",27,House,(PA-09),Pennsylvania,PA,9,100,,-0.298,-0.515,0.71,123,757,-259.66716
2017-02-01 05:21:37,MH02706402,6402,"MEDILL, William",27,House,(OH-09),Ohio,OH,9,100,,-0.408,-0.464,0.828,67,770,-145.03502
2017-02-01 05:21:37,MH02708447,8447,"SHEPPERD, Augustine Henry",27,House,(NC-09),North Carolina,NC,9,29,,-0.151,0.56,0.65,148,767,-330.42426
2017-02-01 05:21:37,MH02704743,4743,"HUNT, Hiram Paine",27,House,(NY-09),New York,NY,9,29,,0.31,-0.007,0.807,48,509,-109.02945
2017-02-01 05:21:37,MH02704182,4182,"HASTINGS, William Soden",27,House,(MA-09),Massachusetts,MA,9,29,,0.484,-0.173,0.846,15,351,-58.79117
2017-02-01 05:21:37,MH02710286,10286,"WISE, Henry Alexander",27,House,(VA-08),Virginia,VA,8,29,,-0.223,0.534,0.509,261,700,-472.73727
2017-02-01 05:21:37,MH02703530,3530,"GENTRY, Meredith Poindexter",27,House,(TN-08),Tennessee,TN,8,29,,-0.091,0.582,0.629,147,674,-312.27524
2017-02-01 05:21:37,MH02709089,9089,"SUMTER, Thomas De Lage",27,House,(SC-08),South Carolina,SC,8,100,,-0.451,0.236,0.728,82,539,-171.00381
2017-02-01 05:21:37,MH02706896,6896,"NEWHARD, Peter",27,House,(PA-08),Pennsylvania,PA,8,100,,-0.255,-0.592,0.749,114,830,-239.94056
2017-02-01 05:21:37,MH02707899,7899,"RIDGWAY, Joseph",27,House,(OH-08),Ohio,OH,8,29,,0.345,-0.115,0.787,109,940,-225.37927
2017-02-01 05:21:37,MH02708228,8228,"SAUNDERS, Romulus Mitchell",27,House,(NC-08),North Carolina,NC,8,100,,-0.53,0.376,0.78,78,688,-170.95464
2017-02-01 05:21:37,MH02706152,6152,"McCLELLAN, Robert",27,House,(NY-08),New York,NY,8,100,,-0.234,-0.845,0.759,101,818,-225.21705
2017-02-01 05:21:37,MH02704599,4599,"HOUCK, Jacob, Jr.",27,House,(NY-08),New York,NY,8,100,,-0.314,-0.561,0.773,93,834,-214.51536
2017-02-01 05:21:37,MH02701420,1420,"CALHOUN, William Barron",27,House,(MA-08),Massachusetts,MA,8,29,,0.313,-0.061,0.721,107,713,-233.53045
2017-02-01 05:21:37,MH02700105,105,"ALLEN, Elisha Hunt",27,House,(ME-08),Maine,ME,8,29,,0.346,-0.168,0.77,84,706,-184.76313
2017-02-01 05:21:37,MH02708808,8808,"SPRIGG, James Cresap",27,House,(KY-08),Kentucky,KY,8,29,,-0.234,0.4,0.558,154,476,-277.28213
2017-02-01 05:21:37,MH02703647,3647,"GOGGIN, William Leftwich",27,House,(VA-07),Virginia,VA,7,29,,-0.234,0.765,0.637,187,843,-380.47054
2017-02-01 05:21:37,MH02701558,1558,"CARUTHERS, Robert Looney",27,House,(TN-07),Tennessee,TN,7,29,,-0.186,0.983,0.697,142,851,-306.68378
2017-02-01 05:21:37,MH02708027,8027,"ROGERS, James",27,House,(SC-07),South Carolina,SC,7,100,,-0.578,0.377,0.846,39,600,-100.00455
2017-02-01 05:21:37,MH02709964,9964,"WESTBROOK, John",27,House,(PA-07),Pennsylvania,PA,7,100,,-0.289,-0.43,0.766,99,732,-195.48042
2017-02-01 05:21:37,MH02708142,8142,"RUSSELL, William",27,House,(OH-07),Ohio,OH,7,29,,0.142,0.324,0.729,135,949,-300.04886
2017-02-01 05:21:37,MH02702454,2454,"DEBERRY, Edmund",27,House,(NC-07),North Carolina,NC,7,29,,-0.109,0.612,0.647,195,870,-378.20644
2017-02-01 05:21:37,MH02709594,9594,"VAN BUREN, John",27,House,(NY-07),New York,NY,7,100,,-0.324,-0.847,0.752,97,702,-200.29941
2017-02-01 05:21:37,MH02701033,1033,"BRIGGS, George Nixon",27,House,(MA-07),Massachusetts,MA,7,29,,0.286,-0.201,0.711,114,755,-257.65927
2017-02-01 05:21:37,MH02708738,8738,"SOLLERS, Augustus Rhodes",27,House,(MD-07),Maryland,MD,7,29,,-0.011,0.539,0.655,59,294,-124.25332
2017-02-01 05:21:37,MH02705811,5811,"LOWELL, Joshua Adams",27,House,(ME-07),Maine,ME,7,100,,-0.16,-0.869,0.75,63,509,-146.1916
2017-02-01 05:21:37,MH02707525,7525,"POPE, John",27,House,(KY-07),Kentucky,KY,7,29,,-0.065,0.368,0.557,235,749,-438.24651
2017-02-01 05:21:37,MH02705442,5442,"LANE, Henry Smith",27,House,(IN-07),Indiana,IN,7,29,,0.142,0.345,0.672,147,743,-294.9032
2017-02-01 05:21:37,MH02701937,1937,"COLES, Walter",27,House,(VA-06),Virginia,VA,6,100,,-0.633,0.22,0.805,73,726,-157.48166
2017-02-01 05:21:37,MH02701468,1468,"CAMPBELL, William Bowen",27,House,(TN-06),Tennessee,TN,6,29,,-0.255,0.874,0.662,146,748,-308.70069
2017-02-01 05:21:37,MH02701355,1355,"BUTLER, William",27,House,(SC-06),South Carolina,SC,6,29,,-0.261,0.793,0.619,169,671,-321.93469
2017-02-01 05:21:37,MH02707705,7705,"RAMSEY, Robert",27,House,(PA-06),Pennsylvania,PA,6,29,,0.077,0.085,0.647,177,879,-382.49031
2017-02-01 05:21:37,MH02706700,6700,"MORRIS, Calvary",27,House,(OH-06),Ohio,OH,6,29,,0.213,-0.077,0.656,128,705,-296.69354
2017-02-01 05:21:37,MH02700254,254,"ARRINGTON, Archibald Hunter",27,House,(NC-06),North Carolina,NC,6,100,,-0.566,0.277,0.79,85,772,-181.94792
2017-02-01 05:21:37,MH02701850,1850,"CLINTON, James Graham",27,House,(NY-06),New York,NY,6,100,,-0.262,-0.694,0.789,85,826,-195.53343
2017-02-01 05:21:37,MH02700370,370,"BAKER, Osmyn",27,House,(MA-06),Massachusetts,MA,6,29,,0.421,-0.223,0.778,94,868,-217.99189
2017-02-01 05:21:37,MH02706056,6056,"MASON, John Thomson",27,House,(MD-06),Maryland,MD,6,100,,-0.487,0.083,0.759,75,553,-152.37486
2017-02-01 05:21:37,MH02705996,5996,"MARSHALL, Alfred",27,House,(ME-06),Maine,ME,6,100,,-0.291,-0.957,0.785,75,717,-173.11946
2017-02-01 05:21:37,MH02703787,3787,"GREEN, Willis",27,House,(KY-06),Kentucky,KY,6,29,,-0.046,0.766,0.702,132,699,-247.27573
2017-02-01 05:21:37,MH02709762,9762,"WALLACE, David",27,House,(IN-06),Indiana,IN,6,29,,0.074,0.234,0.642,136,622,-275.86895
2017-02-01 05:21:37,MH02701054,1054,"BROCKWAY, John Hall",27,House,(CT-06),Connecticut,CT,6,29,,0.446,-0.018,0.836,57,684,-122.62365
2017-02-01 05:21:37,MH02705669,5669,"LINCOLN, Levi",27,House,(MA-05),Massachusetts,MA,5,29,,0.425,-0.146,,,,
2017-02-01 05:21:37,MH02704661,4661,"HUBARD, Edmund Wilcox",27,House,(VA-05),Virginia,VA,5,100,,-0.555,0.287,0.817,74,838,-169.4738
2017-02-01 05:21:37,MH02706088,6088,"MATTOCKS, John",27,House,(VT-05),Vermont,VT,5,29,,0.171,-0.139,0.631,215,939,-432.97116
2017-02-01 05:21:37,MH02709524,9524,"TURNEY, Hopkins Lacy",27,House,(TN-05),Tennessee,TN,5,100,,-0.706,0.12,0.781,86,771,-190.73346
2017-02-01 05:21:37,MH02707426,7426,"PICKENS, Francis Wilkinson",27,House,(SC-05),South Carolina,SC,5,100,,-0.594,0.786,0.807,50,560,-119.74394
2017-02-01 05:21:37,MH02703279,3279,"FORNANCE, Joseph",27,House,(PA-05),Pennsylvania,PA,5,100,,-0.247,-0.447,0.721,98,666,-217.52667
2017-02-01 05:21:37,MH02702627,2627,"DOAN, William",27,House,(OH-05),Ohio,OH,5,100,,-0.361,-0.594,0.819,57,648,-129.26014
2017-02-01 05:21:37,MH02706284,6284,"McKAY, James Iver",27,House,(NC-05),North Carolina,NC,5,100,,-0.547,0.218,0.768,107,888,-233.8564
2017-02-01 05:21:37,MH02702405,2405,"DAVIS, Richard David",27,House,(NY-05),New York,NY,5,100,,-0.062,-0.638,0.669,163,900,-361.98838
2017-02-01 05:21:37,MH02704687,4687,"HUDSON, Charles",27,House,(MA-05),Massachusetts,MA,5,29,,0.45,-0.125,0.761,101,832,-227.4612
2017-02-01 05:21:37,MH02704996,4996,"JOHNSON, William Cost",27,House,(MD-05),Maryland,MD,5,29,,-0.045,0.458,0.466,187,459,-350.80379
2017-02-01 05:21:37,MH02705706,5706,"LITTLEFIELD, Nathaniel Swett",27,House,(ME-05),Maine,ME,5,100,,-0.278,-0.662,0.79,76,729,-171.93817
2017-02-01 05:21:37,MH02709330,9330,"THOMPSON, John Burton",27,House,(KY-05),Kentucky,KY,5,29,,-0.072,0.75,0.695,114,710,-258.0035
2017-02-01 05:21:37,MH02705176,5176,"KENNEDY, Andrew",27,House,(IN-05),Indiana,IN,5,100,,-0.253,-0.967,0.766,84,677,-180.73123
2017-02-01 05:21:37,MH02708691,8691,"SMITH, Truman",27,House,(CT-05),Connecticut,CT,5,29,,0.324,0.127,0.827,54,781,-148.43837
2017-02-01 05:21:37,MH02703669,3669,"GOODE, William Osborne",27,House,(VA-04),Virginia,VA,4,100,,-0.623,-0.225,0.77,75,690,-180.28357
2017-02-01 05:21:37,MH02710435,10435,"YOUNG, Augustus",27,House,(VT-04),Vermont,VT,4,29,,0.287,0.034,0.756,106,818,-228.6619
2017-02-01 05:21:37,MH02701465,1465,"CAMPBELL, Thomas Jefferson",27,House,(TN-04),Tennessee,TN,4,29,,-0.157,0.988,0.706,144,886,-308.25738
2017-02-01 05:21:37,MH02709481,9481,"TROTTI, Samuel Wilds",27,House,(SC-04),South Carolina,SC,4,100,,-0.458,0.481,0.746,19,127,-37.20944
2017-02-01 05:21:37,MH02701349,1349,"BUTLER, Sampson Hale",27,House,(SC-04),South Carolina,SC,4,100,,-0.373,0.312,0.706,44,292,-101.84989
2017-02-01 05:21:37,MH02702868,2868,"EDWARDS, John",27,House,(PA-04),Pennsylvania,PA,4,29,,0.333,-0.092,0.748,87,685,-198.8515
2017-02-01 05:21:37,MH02701115,1115,"BROWN, Jeremiah",27,House,(PA-04),Pennsylvania,PA,4,29,,0.308,0.027,0.747,83,671,-195.31715
2017-02-01 05:21:37,MH02704883,4883,"JAMES, Francis",27,House,(PA-04),Pennsylvania,PA,4,29,,0.493,-0.193,0.79,88,780,-184.33566
2017-02-01 05:21:37,MH02706728,6728,"MORROW, Jeremiah",27,House,(OH-04),Ohio,OH,4,29,,0.033,0.346,0.682,158,856,-328.05947
2017-02-01 05:21:37,MH02709858,9858,"WASHINGTON, William Henry",27,House,(NC-04),North Carolina,NC,4,29,,-0.026,0.965,0.741,96,756,-226.76055
2017-02-01 05:21:37,MH02709806,9806,"WARD, Aaron",27,House,(NY-04),New York,NY,4,100,,-0.221,-0.546,0.669,110,613,-246.15488
2017-02-01 05:21:37,MH02707209,7209,"PARMENTER, William",27,House,(MA-04),Massachusetts,MA,4,100,,-0.017,-0.76,0.662,165,784,-323.13621
2017-02-01 05:21:37,MH02705182,5182,"KENNEDY, John Pendleton",27,House,(MD-04),Maryland,MD,4,29,,0.135,0.474,0.707,133,798,-276.81694
2017-02-01 05:21:37,MH02707710,7710,"RANDALL, Alexander",27,House,(MD-04),Maryland,MD,4,29,,0.068,0.524,0.707,89,560,-193.92353
2017-02-01 05:21:37,MH02701066,1066,"BRONSON, David",27,House,(ME-04),Maine,ME,4,29,,0.224,0.128,0.73,100,732,-230.33841
2017-02-01 05:21:37,MH02707140,7140,"OWSLEY, Bryan Young",27,House,(KY-04),Kentucky,KY,4,29,,-0.128,0.921,0.688,169,889,-332.84086
2017-02-01 05:21:37,MH02702154,2154,"CRAVENS, James Harrison",27,House,(IN-04),Indiana,IN,4,29,,0.089,0.298,0.625,157,742,-348.25668
2017-02-01 05:21:37,MH02707095,7095,"OSBORNE, Thomas Burr",27,House,(CT-04),Connecticut,CT,4,29,,0.31,-0.087,0.747,113,838,-244.11521
2017-02-01 05:21:37,MH02705049,5049,"JONES, John Winston",27,House,(VA-03),Virginia,VA,3,100,,-0.575,0.245,0.855,29,530,-83.12185
2017-02-01 05:21:37,MH02703027,3027,"EVERETT, Horace",27,House,(VT-03),Vermont,VT,3,29,,0.311,0.079,0.696,132,839,-304.15105
2017-02-01 05:21:37,MH02710168,10168,"WILLIAMS, Joseph Lanier",27,House,(TN-03),Tennessee,TN,3,29,,-0.024,0.295,0.545,219,687,-417.12734
2017-02-01 05:21:37,MH02701456,1456,"CAMPBELL, John",27,House,(SC-03),South Carolina,SC,3,100,,-0.357,0.46,0.633,144,675,-308.92176
2017-02-01 05:21:37,MH02704804,4804,"INGERSOLL, Charles Jared",27,House,(PA-03),Pennsylvania,PA,3,100,,-0.173,-0.092,0.603,219,810,-409.70463
2017-02-01 05:21:37,MH02703667,3667,"GOODE, Patrick Gaines",27,House,(OH-03),Ohio,OH,3,29,,0.255,-0.158,0.722,112,736,-239.64704
2017-02-01 05:21:37,MH02708841,8841,"STANLY, Edward",27,House,(NC-03),North Carolina,NC,3,29,,0.075,0.758,0.737,120,853,-260.19559
2017-02-01 05:21:37,MH02708052,8052,"ROOSEVELT, James I.",27,House,(NY-03),New York,NY,3,100,,-0.1,-0.624,0.641,168,698,-310.379
2017-02-01 05:21:37,MH02710324,10324,"WOOD, Fernando",27,House,(NY-03),New York,NY,3,100,,-0.27,-0.371,0.638,121,604,-271.42798
2017-02-01 05:21:37,MH02703118,3118,"FERRIS, Charles Goadsby",27,House,(NY-03),New York,NY,3,100,,-0.039,-0.999,0.702,103,625,-221.12306
2017-02-01 05:21:37,MH02706302,6302,"McKEON, John",27,House,(NY-03),New York,NY,3,100,,-0.164,-0.794,0.652,125,647,-277.12246
2017-02-01 05:21:37,MH02702277,2277,"CUSHING, Caleb",27,House,(MA-03),Massachusetts,MA,3,29,,0.205,-0.315,0.596,200,764,-395.84389
2017-02-01 05:21:37,MH02708375,8375,"SEWALL, Charles S.",27,House,(MD-03),Maryland,MD,3,100,,-0.183,-0.039,0.61,26,96,-47.50281
2017-02-01 05:21:37,MH02710154,10154,"WILLIAMS, James Wray",27,House,(MD-03),Maryland,MD,3,100,,-0.256,-0.061,0.692,88,572,-210.42314
2017-02-01 05:21:37,MH02707711,7711,"RANDALL, Benjamin",27,House,(ME-03),Maine,ME,3,29,,0.42,0.076,0.843,55,839,-143.48694
2017-02-01 05:21:37,MH02706637,6637,"MOORE, John",27,House,(LA-03),Louisiana,LA,3,29,,-0.066,0.778,0.667,163,825,-333.66321
2017-02-01 05:21:37,MH02709558,9558,"UNDERWOOD, Joseph Rogers",27,House,(KY-03),Kentucky,KY,3,29,,0.003,0.299,0.568,246,817,-462.69261
2017-02-01 05:21:37,MH02710035,10035,"WHITE, Joseph Livingston",27,House,(IN-03),Indiana,IN,3,29,,0.13,0.09,0.61,140,611,-302.06846
2017-02-01 05:21:37,MH02709054,9054,"STUART, John Todd",27,House,(IL-03),Illinois,IL,3,29,,-0.043,0.524,0.666,139,731,-296.71322
2017-02-01 05:21:37,MH02710185,10185,"WILLIAMS, Thomas Wheeler",27,House,(CT-03),Connecticut,CT,3,29,,0.347,0.151,0.803,74,760,-166.29745
2017-02-01 05:21:37,MH02701562,1562,"CARY, George Booth",27,House,(VA-02),Virginia,VA,2,100,,-0.467,0.129,0.808,56,656,-139.76717
2017-02-01 05:21:37,MH02708566,8566,"SLADE, William",27,House,(VT-02),Vermont,VT,2,29,,0.333,-0.081,0.681,113,714,-274.19542
2017-02-01 05:21:37,MH02706147,6147,"McCLELLAN, Abraham",27,House,(TN-02),Tennessee,TN,2,100,,-0.526,-0.117,0.811,83,830,-173.46419
2017-02-01 05:21:37,MH02707841,7841,"RHETT, Robert Barnwell",27,House,(SC-02),South Carolina,SC,2,100,,-0.623,0.568,0.776,48,504,-127.98444
2017-02-01 05:21:37,MH02704808,4808,"INGERSOLL, Joseph Reed",27,House,(PA-02),Pennsylvania,PA,2,29,,0.172,0.304,0.688,103,588,-220.12572
2017-02-01 05:21:37,MH02708365,8365,"SERGEANT, John",27,House,(PA-02),Pennsylvania,PA,2,29,,0.444,0.218,0.837,12,202,-35.92605
2017-02-01 05:21:37,MH02709407,9407,"TOLAND, George Washington",27,House,(PA-02),Pennsylvania,PA,2,29,,0.383,0.043,0.793,105,882,-205.11098
2017-02-01 05:21:37,MH02709934,9934,"WELLER, John B.",27,House,(OH-02),Ohio,OH,2,100,,-0.346,-0.314,0.723,129,777,-252.30001
2017-02-01 05:21:37,MH02702324,2324,"DANIEL, John Reeves Jones",27,House,(NC-02),North Carolina,NC,2,100,,-0.537,-0.053,0.817,75,776,-156.84091
2017-02-01 05:21:37,MH02702880,2880,"EGBERT, Joseph",27,House,(NY-02),New York,NY,2,100,,-0.251,-0.968,0.755,105,771,-217.0858
2017-02-01 05:21:37,MH02708184,8184,"SALTONSTALL, Leverett",27,House,(MA-02),Massachusetts,MA,2,29,,0.578,-0.067,0.838,67,807,-143.0144
2017-02-01 05:21:37,MH02707282,7282,"PEARCE, James Alfred",27,House,(MD-02),Maryland,MD,2,29,,-0.069,0.823,0.65,110,478,-205.83806
2017-02-01 05:21:37,MH02703127,3127,"FESSENDEN, William Pitt",27,House,(ME-02),Maine,ME,2,29,,0.244,-0.438,0.705,119,749,-261.97951
2017-02-01 05:21:37,MH02702427,2427,"DAWSON, John Bennett",27,House,(LA-02),Louisiana,LA,2,100,,-0.316,-0.076,0.61,128,536,-264.87621
2017-02-01 05:21:37,MH02709478,9478,"TRIPLETT, Philip",27,House,(KY-02),Kentucky,KY,2,29,,-0.031,0.648,0.702,141,806,-284.81576
2017-02-01 05:21:37,MH02709336,9336,"THOMPSON, Richard Wigginton",27,House,(IN-02),Indiana,IN,2,29,,0.111,0.536,0.713,121,823,-278.75266
2017-02-01 05:21:37,MH02701579,1579,"CASEY, Zadok",27,House,(IL-02),Illinois,IL,2,329,,-0.109,-0.17,0.512,272,727,-487.23667
2017-02-01 05:21:37,MH02700811,811,"BOARDMAN, William Whiting",27,House,(CT-02),Connecticut,CT,2,29,,0.293,0.176,0.781,97,892,-220.6491
2017-02-01 05:21:37,MH02705938,5938,"MALLORY, Francis",27,House,(VA-01),Virginia,VA,1,29,,-0.325,0.429,0.661,125,617,-255.35471
2017-02-01 05:21:37,MH02703939,3939,"HALL, Hiland",27,House,(VT-01),Vermont,VT,1,29,,0.323,-0.033,0.765,88,722,-193.79722
2017-02-01 05:21:37,MH02700249,249,"ARNOLD, Thomas Dickens",27,House,(TN-01),Tennessee,TN,1,29,,0.105,0.234,0.613,228,928,-453.85622
2017-02-01 05:21:37,MH02704535,4535,"HOLMES, Isaac Edward",27,House,(SC-01),South Carolina,SC,1,100,,-0.349,0.443,0.63,119,515,-237.55463
2017-02-01 05:21:37,MH02701101,1101,"BROWN, Charles",27,House,(PA-01),Pennsylvania,PA,1,100,,-0.323,-0.488,0.777,90,725,-182.64163
2017-02-01 05:21:37,MH02707323,7323,"PENDLETON, Nathanael Greene",27,House,(OH-01),Ohio,OH,1,29,,0.224,0.173,0.794,71,737,-169.54993
2017-02-01 05:21:37,MH02707758,7758,"RAYNER, Kenneth",27,House,(NC-01),North Carolina,NC,1,29,,-0.137,0.922,0.638,115,527,-236.87531
2017-02-01 05:21:37,MH02703232,3232,"FLOYD, Charles Albert",27,House,(NY-01),New York,NY,1,100,,-0.382,-0.676,0.807,63,724,-155.62886
2017-02-01 05:21:37,MH02704627,4627,"HOWARD, Jacob Merritt",27,House,(MI-01),Michigan,MI,1,29,,0.425,0.203,0.741,101,747,-224.28275
2017-02-01 05:21:37,MH02710284,10284,"WINTHROP, Robert Charles",27,House,(MA-01),Massachusetts,MA,1,29,,0.47,-0.046,0.795,65,637,-146.27788
2017-02-01 05:21:37,MH02700219,219,"APPLETON, Nathan",27,House,(MA-01),Massachusetts,MA,1,29,,0.464,-0.214,0.773,20,178,-45.76794
2017-02-01 05:21:37,MH02705037,5037,"JONES, Isaac Dashiell",27,House,(MD-01),Maryland,MD,1,29,,-0.036,0.481,0.616,126,492,-238.03703
2017-02-01 05:21:37,MH02701841,1841,"CLIFFORD, Nathan",27,House,(ME-01),Maine,ME,1,100,,-0.357,-0.519,0.807,81,858,-184.23462
2017-02-01 05:21:37,MH02710018,10018,"WHITE, Edward Douglass",27,House,(LA-01),Louisiana,LA,1,29,,0.131,0.272,0.67,144,693,-277.02192
2017-02-01 05:21:37,MH02700931,931,"BOYD, Linn",27,House,(KY-01),Kentucky,KY,1,100,,-0.515,-0.063,0.787,81,753,-180.37772
2017-02-01 05:21:37,MH02707633,7633,"PROFFIT, George H.",27,House,(IN-01),Indiana,IN,1,29,,-0.115,0.261,0.516,185,529,-349.64265
2017-02-01 05:21:37,MH02707832,7832,"REYNOLDS, John",27,House,(IL-01),Illinois,IL,1,100,,-0.31,-0.336,0.736,99,702,-215.09794
2017-02-01 05:21:37,MH02708015,8015,"RODNEY, George Brydges",27,House,(DE-01),Delaware,DE,1,29,,0.179,0.466,0.732,90,694,-216.62875
2017-02-01 05:21:37,MH02709491,9491,"TRUMBULL, Joseph",27,House,(CT-01),Connecticut,CT,1,29,,0.316,0.103,0.814,61,765,-157.88914
2017-02-01 05:21:37,MH02702197,2197,"CROSS, Edward",27,House,(AR-01),Arkansas,AR,1,100,,-0.28,0.003,0.627,156,631,-294.99543
