date_generated,id,icpsr,bioname,congress,chamber,cqlabel,state,state_abbrev,district_code,party_code,party_noun,dim1,dim2,geo_mean_probability,number_of_errors,number_of_votes,log_likelihood
2017-01-22 02:00:21,MH10310757,10757,"MINK, Patsy Takemoto",103,House,(HI-02),Hawaii,HI,2,100,,-0.513,-0.067,0.817,80,930,-188.16589
2017-01-22 02:00:21,MH10315245,15245,"ABERCROMBIE, Neil",103,House,(HI-01),Hawaii,HI,1,100,,-0.432,-0.026,0.851,62,954,-153.65368
2017-01-22 02:00:21,MH10314066,14066,"YOUNG, Donald Edwin",103,House,(AK-01),Alaska,AK,1,200,,0.279,-0.005,0.677,143,897,-349.82203
2017-01-22 02:00:21,MH10339313,39313,"KREIDLER, Myron Bradford (Mike)",103,House,(WA-09),Washington,WA,9,100,,-0.294,-0.541,0.802,85,965,-213.11828
2017-01-22 02:00:21,MH10339312,39312,"DUNN, Jennifer Blackburn",103,House,(WA-08),Washington,WA,8,200,,0.384,-0.261,0.788,101,962,-228.95668
2017-01-22 02:00:21,MH10315613,15613,"McDERMOTT, James A.",103,House,(WA-07),Washington,WA,7,100,,-0.666,-0.197,0.877,62,917,-120.64362
2017-01-22 02:00:21,MH10314413,14413,"DICKS, Norman DeValois",103,House,(WA-06),Washington,WA,6,100,,-0.312,0.11,0.842,63,931,-159.82713
2017-01-22 02:00:21,MH10310726,10726,"FOLEY, Thomas Stephen",103,House,(WA-05),Washington,WA,5,100,,-0.354,0.192,0.84,2,56,-9.74216
2017-01-22 02:00:21,MH10329937,29937,"INSLEE, Jay Robert",103,House,(WA-04),Washington,WA,4,100,,-0.33,-0.194,0.701,139,961,-341.81868
2017-01-22 02:00:21,MH10315629,15629,"UNSOELD, Jolene",103,House,(WA-03),Washington,WA,3,100,,-0.52,-0.019,0.86,59,941,-141.84708
2017-01-22 02:00:21,MH10314666,14666,"SWIFT, Allan Byron",103,House,(WA-02),Washington,WA,2,100,,-0.43,0.099,0.834,81,948,-172.38765
2017-01-22 02:00:21,MH10339310,39310,"CANTWELL, Maria E.",103,House,(WA-01),Washington,WA,1,100,,-0.286,-0.401,0.815,83,957,1500.69
2017-01-22 02:00:21,MH10329139,29139,"KOPETSKI, Michael J.",103,House,(OR-05),Oregon,OR,5,100,,-0.589,0.497,0.834,80,923,-167.93504
2017-01-22 02:00:21,MH10315410,15410,"DeFAZIO, Peter Anthony",103,House,(OR-04),Oregon,OR,4,100,,-0.429,-0.01,0.679,136,897,-347.49848
2017-01-22 02:00:21,MH10314871,14871,"WYDEN, Ronald Lee",103,House,(OR-03),Oregon,OR,3,100,,-0.313,-0.406,0.833,81,960,3778.781
2017-01-22 02:00:21,MH10315063,15063,"SMITH, Robert Freeman",103,House,(OR-02),Oregon,OR,2,200,,0.396,-0.203,0.804,71,876,-191.15845
2017-01-22 02:00:21,MH10329394,29394,"FURSE, Elizabeth",103,House,(OR-01),Oregon,OR,1,100,,-0.457,-0.438,0.854,66,956,-151.20918
2017-01-22 02:00:21,MH10314835,14835,"HUNTER, Duncan Lee",103,House,(CA-52),California,CA,52,200,,0.47,0.02,0.806,92,913,-197.24936
2017-01-22 02:00:21,MH10329107,29107,"CUNNINGHAM, Randall (Duke)",103,House,(CA-51),California,CA,51,200,,0.411,0.001,0.815,74,949,-193.65373
2017-01-22 02:00:21,MH10329325,29325,"FILNER, Bob",103,House,(CA-50),California,CA,50,100,,-0.652,0.002,0.832,79,969,-177.66368
2017-01-22 02:00:21,MH10329324,29324,"SCHENK, Lynn",103,House,(CA-49),California,CA,49,100,,-0.256,-0.297,0.791,86,958,-224.73975
2017-01-22 02:00:21,MH10315051,15051,"PACKARD, Ronald C.",103,House,(CA-48),California,CA,48,200,,0.419,0.152,0.784,92,886,-215.31303
2017-01-22 02:00:21,MH10315601,15601,"COX, Charles Christopher",103,House,(CA-47),California,CA,47,200,,0.54,-0.236,0.822,71,907,-178.16509
2017-01-22 02:00:21,MH10314414,14414,"DORNAN, Robert Kenneth",103,House,(CA-46),California,CA,46,200,,0.49,-0.111,0.836,64,896,-160.29943
2017-01-22 02:00:21,MH10315621,15621,"ROHRABACHER, Dana",103,House,(CA-45),California,CA,45,200,,0.629,-0.405,0.819,77,964,-192.46279
2017-01-22 02:00:21,MH10315040,15040,"McCANDLESS, Alfred A.",103,House,(CA-44),California,CA,44,200,,0.474,-0.225,0.766,103,929,-247.8319
2017-01-22 02:00:21,MH10329323,29323,"CALVERT, Ken",103,House,(CA-43),California,CA,43,200,,0.345,0.232,0.801,70,925,-205.58778
2017-01-22 02:00:21,MH10310573,10573,"BROWN, George Edward, Jr.",103,House,(CA-42),California,CA,42,100,,-0.506,-0.028,0.829,60,830,-156.05511
2017-01-22 02:00:21,MH10329322,29322,"KIM, Jay C.",103,House,(CA-41),California,CA,41,200,,0.39,-0.084,0.817,77,969,-196.06667
2017-01-22 02:00:21,MH10314644,14644,"LEWIS, Charles Jeremy (Jerry)",103,House,(CA-40),California,CA,40,200,,0.348,-0.101,0.655,164,928,-393.11774
2017-01-22 02:00:21,MH10329321,29321,"ROYCE, Edward Randall",103,House,(CA-39),California,CA,39,200,,0.666,-0.335,0.842,73,943,-162.07373
2017-01-22 02:00:21,MH10329320,29320,"HORN, John Stephen (Steve)",103,House,(CA-38),California,CA,38,200,,0.167,-0.651,0.703,150,932,-328.39374
2017-01-22 02:00:21,MH10329319,29319,"TUCKER, Walter R., III",103,House,(CA-37),California,CA,37,100,,-0.479,0.291,0.829,65,808,-151.1599
2017-01-22 02:00:21,MH10329318,29318,"HARMAN, Jane L.",103,House,(CA-36),California,CA,36,100,,-0.262,-0.12,0.76,108,915,-250.59698
2017-01-22 02:00:21,MH10329106,29106,"WATERS, Maxine",103,House,(CA-35),California,CA,35,100,,-0.663,-0.076,0.871,56,924,-128.06491
2017-01-22 02:00:21,MH10315070,15070,"TORRES, Esteban Edward",103,House,(CA-34),California,CA,34,100,,-0.487,0.012,0.853,63,890,-141.06465
2017-01-22 02:00:21,MH10329317,29317,"ROYBAL-ALLARD, Lucille",103,House,(CA-33),California,CA,33,100,,-0.473,-0.192,0.888,53,959,-114.07689
2017-01-22 02:00:21,MH10314620,14620,"DIXON, Julian Carey",103,House,(CA-32),California,CA,32,100,,-0.458,-0.076,0.869,62,938,-131.91629
2017-01-22 02:00:21,MH10314879,14879,"MARTÍNEZ, Matthew G.",103,House,(CA-31),California,CA,31,100,,-0.341,0.106,0.821,76,911,-179.89285
2017-01-22 02:00:21,MH10329316,29316,"BECERRA, Xavier",103,House,(CA-30),California,CA,30,100,,-0.513,-0.265,0.887,43,893,-107.33756
2017-01-22 02:00:21,MH10314280,14280,"WAXMAN, Henry Arnold",103,House,(CA-29),California,CA,29,100,,-0.473,-0.343,0.875,49,911,-121.57436
2017-01-22 02:00:21,MH10314813,14813,"DREIER, David Timothy",103,House,(CA-28),California,CA,28,200,,0.478,-0.084,0.849,61,940,-153.71738
2017-01-22 02:00:21,MH10314040,14040,"MOORHEAD, Carlos John",103,House,(CA-27),California,CA,27,200,,0.465,-0.119,0.851,64,964,-155.96354
2017-01-22 02:00:21,MH10315005,15005,"BERMAN, Howard Lawrence",103,House,(CA-26),California,CA,26,100,,-0.404,-0.286,0.871,54,870,-120.26341
2017-01-22 02:00:21,MH10329315,29315,"McKEON, Howard P. (Buck)",103,House,(CA-25),California,CA,25,200,,0.396,0.208,0.827,57,938,-178.53526
2017-01-22 02:00:21,MH10314405,14405,"BEILENSON, Anthony Charles",103,House,(CA-24),California,CA,24,100,,-0.44,-0.605,0.805,80,947,-205.66542
2017-01-22 02:00:21,MH10315413,15413,"GALLEGLY, Elton W.",103,House,(CA-23),California,CA,23,200,,0.402,-0.1,0.83,72,921,-171.5833
2017-01-22 02:00:21,MH10329314,29314,"HUFFINGTON, Michael",103,House,(CA-22),California,CA,22,200,,0.332,-0.541,0.745,121,901,-264.78022
2017-01-22 02:00:21,MH10314669,14669,"THOMAS, William Marshall",103,House,(CA-21),California,CA,21,200,,0.371,-0.277,0.774,113,933,-239.36557
2017-01-22 02:00:21,MH10329105,29105,"DOOLEY, Calvin M.",103,House,(CA-20),California,CA,20,100,,-0.19,0.103,0.721,134,922,-301.53327
2017-01-22 02:00:21,MH10315032,15032,"LEHMAN, Richard Henry",103,House,(CA-19),California,CA,19,100,,-0.27,-0.036,0.728,108,896,-284.19453
2017-01-22 02:00:21,MH10315635,15635,"CONDIT, Gary Adrian",103,House,(CA-18),California,CA,18,100,,-0.103,0.3,0.544,265,936,-569.1263
2017-01-22 02:00:21,MH10314444,14444,"PANETTA, Leon Edward",103,House,(CA-17),California,CA,17,100,,-0.258,-0.186,,,,
2017-01-22 02:00:21,MH10329313,29313,"FARR, Sam",103,House,(CA-17),California,CA,17,100,,-0.455,-0.219,0.87,47,749,-104.62281
2017-01-22 02:00:21,MH10310583,10583,"EDWARDS, William Donlon (Don)",103,House,(CA-16),California,CA,16,100,,-0.599,-0.419,0.883,50,926,-115.14162
2017-01-22 02:00:21,MH10314257,14257,"MINETA, Norman Y.",103,House,(CA-15),California,CA,15,100,,-0.479,-0.01,0.848,66,948,-156.23929
2017-01-22 02:00:21,MH10329312,29312,"ESHOO, Anna Georges",103,House,(CA-14),California,CA,14,100,,-0.385,-0.42,0.87,56,963,-134.36658
2017-01-22 02:00:21,MH10314053,14053,"STARK, Fortney Hillman (Pete), Jr.",103,House,(CA-13),California,CA,13,100,,-0.631,-0.605,0.85,64,910,-148.31481
2017-01-22 02:00:21,MH10314837,14837,"LANTOS, Thomas Peter",103,House,(CA-12),California,CA,12,100,,-0.376,-0.033,0.849,67,917,-150.20427
2017-01-22 02:00:21,MH10329311,29311,"POMBO, Richard William",103,House,(CA-11),California,CA,11,200,,0.461,0.469,0.775,130,939,-239.49731
2017-01-22 02:00:21,MH10329310,29310,"BAKER, William P.",103,House,(CA-10),California,CA,10,200,,0.533,0.024,0.824,71,953,-184.88151
2017-01-22 02:00:21,MH10313011,13011,"DELLUMS, Ronald V.",103,House,(CA-09),California,CA,9,100,,-0.644,-0.646,0.901,41,896,-92.98389
2017-01-22 02:00:21,MH10315448,15448,"PELOSI, Nancy",103,House,(CA-08),California,CA,8,100,,-0.494,-0.195,0.876,50,909,-120.45917
2017-01-22 02:00:21,MH10314256,14256,"MILLER, George",103,House,(CA-07),California,CA,7,100,,-0.552,-0.398,0.849,60,897,-146.47501
2017-01-22 02:00:21,MH10329309,29309,"WOOLSEY, Lynn C.",103,House,(CA-06),California,CA,6,100,,-0.556,-0.529,0.885,44,957,-117.44931
2017-01-22 02:00:21,MH10314649,14649,"MATSUI, Robert T.",103,House,(CA-05),California,CA,5,100,,-0.404,-0.03,0.851,72,924,-148.7596
2017-01-22 02:00:21,MH10329104,29104,"DOOLITTLE, John Taylor",103,House,(CA-04),California,CA,4,200,,0.519,0.156,0.841,66,937,-162.04552
2017-01-22 02:00:21,MH10314624,14624,"FAZIO, Victor Herbert, Jr.",103,House,(CA-03),California,CA,3,100,,-0.455,0.36,0.844,68,958,-162.09772
2017-01-22 02:00:21,MH10315420,15420,"HERGER, Walter William (Wally)",103,House,(CA-02),California,CA,2,200,,0.551,0.117,0.838,71,931,-164.16096
2017-01-22 02:00:21,MH10329308,29308,"HAMBURG, Daniel",103,House,(CA-01),California,CA,1,100,,-0.555,-0.5,0.872,54,940,-129.08058
2017-01-22 02:00:21,MH10315633,15633,"THOMAS, Craig Lyle",103,House,(WY-01),Wyoming,WY,1,200,,0.446,-0.128,0.788,102,918,-218.5631
2017-01-22 02:00:21,MH10329146,29146,"ORTON, William",103,House,(UT-03),Utah,UT,3,100,,-0.086,0.483,0.592,244,953,-498.84833
2017-01-22 02:00:21,MH10339306,39306,"SHEPHERD, Karen",103,House,(UT-02),Utah,UT,2,100,,-0.246,-0.294,0.788,99,950,-226.01213
2017-01-22 02:00:21,MH10314829,14829,"HANSEN, James Vear",103,House,(UT-01),Utah,UT,1,200,,0.496,0.143,0.802,90,947,-209.04712
2017-01-22 02:00:21,MH10315055,15055,"RICHARDSON, Bill",103,House,(NM-03),New Mexico,NM,3,100,,-0.321,0.227,0.836,65,940,-167.88255
2017-01-22 02:00:21,MH10314861,14861,"SKEEN, Joseph Richard",103,House,(NM-02),New Mexico,NM,2,200,,0.301,0.034,0.746,107,904,-265.07846
2017-01-22 02:00:21,MH10315624,15624,"SCHIFF, Steven Harvey",103,House,(NM-01),New Mexico,NM,1,200,,0.196,-0.261,0.748,110,949,-275.88782
2017-01-22 02:00:21,MH10315075,15075,"VUCANOVICH, Barbara Farrell",103,House,(NV-02),Nevada,NV,2,200,,0.441,-0.109,0.745,124,941,-277.24088
2017-01-22 02:00:21,MH10315403,15403,"BILBRAY, James Hubert",103,House,(NV-01),Nevada,NV,1,100,,-0.184,0.258,0.764,106,960,-258.44397
2017-01-22 02:00:21,MH10314672,14672,"WILLIAMS, John Patrick",103,House,(MT-01),Montana,MT,1,100,,-0.315,-0.138,0.681,129,876,-336.23333
2017-01-22 02:00:21,MH10329345,29345,"CRAPO, Michael Dean",103,House,(ID-02),Idaho,ID,2,200,,0.507,0.274,0.816,78,961,2354.079
2017-01-22 02:00:21,MH10329114,29114,"LaROCCO, Larry",103,House,(ID-01),Idaho,ID,1,100,,-0.243,0.239,0.788,98,955,-227.39875
2017-01-22 02:00:21,MH10315058,15058,"SCHAEFER, Daniel",103,House,(CO-06),Colorado,CO,6,200,,0.479,-0.123,0.813,90,944,-195.70986
2017-01-22 02:00:21,MH10315419,15419,"HEFLEY, Joel M.",103,House,(CO-05),Colorado,CO,5,200,,0.591,0.13,0.783,101,960,-234.61
2017-01-22 02:00:21,MH10329108,29108,"ALLARD, A. Wayne",103,House,(CO-04),Colorado,CO,4,200,,0.572,-0.121,0.802,88,964,-213.00346
2017-01-22 02:00:21,MH10329326,29326,"McINNIS, Scott",103,House,(CO-03),Colorado,CO,3,200,,0.391,-0.083,0.702,140,956,-338.89876
2017-01-22 02:00:21,MH10315443,15443,"SKAGGS, David Evans",103,House,(CO-02),Colorado,CO,2,100,,-0.355,-0.187,0.8,83,961,-214.1842
2017-01-22 02:00:21,MH10314051,14051,"SCHROEDER, Patricia Scott",103,House,(CO-01),Colorado,CO,1,100,,-0.225,-0.974,0.69,166,954,-354.50225
2017-01-22 02:00:21,MH10329304,29304,"ENGLISH, Karan",103,House,(AZ-06),Arizona,AZ,6,100,,-0.298,-0.253,0.829,76,949,-178.4115
2017-01-22 02:00:21,MH10315105,15105,"KOLBE, James Thomas",103,House,(AZ-05),Arizona,AZ,5,200,,0.351,-0.534,0.71,158,948,-325.02402
2017-01-22 02:00:21,MH10315429,15429,"KYL, Jon Llewellyn",103,House,(AZ-04),Arizona,AZ,4,200,,0.548,-0.455,0.825,82,946,-181.83694
2017-01-22 02:00:21,MH10314454,14454,"STUMP, Robert Lee",103,House,(AZ-03),Arizona,AZ,3,200,,0.703,0.203,0.896,40,969,-106.20624
2017-01-22 02:00:21,MH10329101,29101,"PASTOR, Ed",103,House,(AZ-02),Arizona,AZ,2,100,,-0.421,0.12,0.832,78,958,-176.3125
2017-01-22 02:00:21,MH10329303,29303,"COPPERSMITH, Samuel G.",103,House,(AZ-01),Arizona,AZ,1,100,,-0.238,-0.448,0.763,101,954,-258.06165
2017-01-22 02:00:21,MH10314448,14448,"RAHALL, Nick Joe, II",103,House,(WV-03),West Virginia,WV,3,100,,-0.306,0.45,0.684,152,951,-361.86461
2017-01-22 02:00:21,MH10315077,15077,"WISE, Robert Ellsworth, Jr.",103,House,(WV-02),West Virginia,WV,2,100,,-0.32,0.253,0.846,57,939,-156.96587
2017-01-22 02:00:21,MH10315083,15083,"MOLLOHAN, Alan Bowlby",103,House,(WV-01),West Virginia,WV,1,100,,-0.292,0.657,0.753,125,942,-267.05428
2017-01-22 02:00:21,MH10314224,14224,"FORD, Harold Eugene",103,House,(TN-09),Tennessee,TN,9,100,,-0.438,-0.064,0.827,48,708,-134.23963
2017-01-22 02:00:21,MH10315628,15628,"TANNER, John S.",103,House,(TN-08),Tennessee,TN,8,100,,-0.182,0.648,0.694,174,959,-350.56982
2017-01-22 02:00:21,MH10315066,15066,"SUNDQUIST, Donald Kenneth",103,House,(TN-07),Tennessee,TN,7,200,,0.371,-0.202,0.718,110,814,-269.27524
2017-01-22 02:00:21,MH10315100,15100,"GORDON, Barton Jennings",103,House,(TN-06),Tennessee,TN,6,100,,-0.204,0.286,0.806,76,954,-206.32793
2017-01-22 02:00:21,MH10315450,15450,"CLEMENT, Robert Nelson",103,House,(TN-05),Tennessee,TN,5,100,,-0.216,0.327,0.768,111,931,-245.42677
2017-01-22 02:00:21,MH10315019,15019,"COOPER, James Hayes Shofner",103,House,(TN-04),Tennessee,TN,4,100,,-0.162,-0.006,0.622,196,906,-430.82692
2017-01-22 02:00:21,MH10314251,14251,"LLOYD, Marilyn Laird",103,House,(TN-03),Tennessee,TN,3,100,,-0.058,0.452,0.714,140,881,-296.18978
2017-01-22 02:00:21,MH10315455,15455,"DUNCAN, John J., Jr.",103,House,(TN-02),Tennessee,TN,2,200,,0.599,-0.425,0.754,115,965,-272.64178
2017-01-22 02:00:21,MH10310616,10616,"QUILLEN, James Henry",103,House,(TN-01),Tennessee,TN,1,200,,0.246,0.23,0.623,182,858,-406.53949
2017-01-22 02:00:21,MH10329393,29393,"LUCAS, Frank D.",103,House,(OK-06),Oklahoma,OK,6,200,,0.36,0.459,0.816,20,295,-59.82896
2017-01-22 02:00:21,MH10314219,14219,"ENGLISH, Glenn Lee, Jr.",103,House,(OK-06),Oklahoma,OK,6,100,,-0.027,0.603,0.699,96,514,-184.25657
2017-01-22 02:00:21,MH10329392,29392,"ISTOOK, Ernest James, Jr.",103,House,(OK-05),Oklahoma,OK,5,200,,0.492,0.129,0.796,95,929,-211.74345
2017-01-22 02:00:21,MH10314843,14843,"McCURDY, David Keith",103,House,(OK-04),Oklahoma,OK,4,100,,-0.112,0.299,0.739,104,828,-250.5489
2017-01-22 02:00:21,MH10329138,29138,"BREWSTER, William K.",103,House,(OK-03),Oklahoma,OK,3,100,,-0.08,0.688,0.728,142,922,-293.28905
2017-01-22 02:00:21,MH10314667,14667,"SYNAR, Michael Lynn",103,House,(OK-02),Oklahoma,OK,2,100,,-0.321,-0.032,0.752,102,893,-254.88163
2017-01-22 02:00:21,MH10315424,15424,"INHOFE, James Mountain",103,House,(OK-01),Oklahoma,OK,1,200,,0.551,0.037,0.853,59,900,2790.434
2017-01-22 02:00:21,MH10315434,15434,"MORELLA, Constance A.",103,House,(MD-08),Maryland,MD,8,200,,-0.018,-0.893,0.723,125,947,-307.23371
2017-01-22 02:00:21,MH10315433,15433,"MFUME, Kweisi",103,House,(MD-07),Maryland,MD,7,100,,-0.446,-0.496,0.828,69,921,-174.35886
2017-01-22 02:00:21,MH10329356,29356,"BARTLETT, Roscoe Gardner",103,House,(MD-06),Maryland,MD,6,200,,0.493,-0.091,0.856,58,962,-149.55381
2017-01-22 02:00:21,MH10314873,14873,"HOYER, Steny Hamilton",103,House,(MD-05),Maryland,MD,5,100,,-0.38,0.129,0.843,89,944,-160.70854
2017-01-22 02:00:21,MH10329355,29355,"WYNN, Albert Russell",103,House,(MD-04),Maryland,MD,4,100,,-0.38,0.038,0.863,60,956,-140.48059
2017-01-22 02:00:21,MH10315408,15408,"CARDIN, Benjamin Louis",103,House,(MD-03),Maryland,MD,3,100,,-0.329,-0.259,0.828,72,944,3657.333
2017-01-22 02:00:21,MH10315086,15086,"BENTLEY, Helen Delich",103,House,(MD-02),Maryland,MD,2,200,,0.276,-0.362,0.674,153,920,-362.54263
2017-01-22 02:00:21,MH10329122,29122,"GILCHREST, Wayne Thomas",103,House,(MD-01),Maryland,MD,1,200,,0.204,-0.563,0.72,140,949,-312.39908
2017-01-22 02:00:21,MH10329353,29353,"BAESLER, Henry Scott (Scotty)",103,House,(KY-06),Kentucky,KY,6,100,,-0.155,0.28,0.766,113,956,-254.98616
2017-01-22 02:00:21,MH10314854,14854,"ROGERS, Harold Dallas (Hal)",103,House,(KY-05),Kentucky,KY,5,200,,0.332,0.072,0.693,155,954,-349.6392
2017-01-22 02:00:21,MH10315406,15406,"BUNNING, James Paul David",103,House,(KY-04),Kentucky,KY,4,200,,0.521,-0.049,0.822,85,953,-186.96365
2017-01-22 02:00:21,MH10313024,13024,"MAZZOLI, Romano Louis",103,House,(KY-03),Kentucky,KY,3,100,,-0.186,-0.016,0.749,106,963,-278.66983
2017-01-22 02:00:21,MH10329352,29352,"LEWIS, Ron",103,House,(KY-02),Kentucky,KY,2,200,,0.418,0.417,0.805,24,259,-56.03507
2017-01-22 02:00:21,MH10306845,6845,"NATCHER, William Huston",103,House,(KY-02),Kentucky,KY,2,100,,-0.288,0.575,0.829,41,560,-104.96427
2017-01-22 02:00:21,MH10329351,29351,"BARLOW, Thomas J., III",103,House,(KY-01),Kentucky,KY,1,100,,-0.316,0.493,0.804,87,937,-204.68653
2017-01-22 02:00:21,MH10339305,39305,"JOHNSON, Eddie Bernice",103,House,(TX-30),Texas,TX,30,100,,-0.49,0.232,0.844,70,951,-161.77607
2017-01-22 02:00:21,MH10339304,39304,"GREEN, Raymond Eugene (Gene)",103,House,(TX-29),Texas,TX,29,100,,-0.332,0.502,0.756,110,902,-251.87686
2017-01-22 02:00:21,MH10339303,39303,"TEJEDA, Frank",103,House,(TX-28),Texas,TX,28,100,,-0.277,0.961,0.811,80,966,-202.46785
2017-01-22 02:00:21,MH10315049,15049,"ORTIZ, Solomon P.",103,House,(TX-27),Texas,TX,27,100,,-0.272,0.712,0.792,100,933,-217.55904
2017-01-22 02:00:21,MH10315125,15125,"ARMEY, Richard Keith",103,House,(TX-26),Texas,TX,26,200,,0.635,-0.089,0.877,43,947,-124.67646
2017-01-22 02:00:21,MH10315001,15001,"ANDREWS, Michael Allen",103,House,(TX-25),Texas,TX,25,100,,-0.135,0.32,0.724,132,885,-286.33787
2017-01-22 02:00:21,MH10314626,14626,"FROST, Jonas Martin",103,House,(TX-24),Texas,TX,24,100,,-0.316,0.354,0.815,66,886,-181.70689
2017-01-22 02:00:21,MH10339302,39302,"BONILLA, Henry",103,House,(TX-23),Texas,TX,23,200,,0.4,0.136,0.774,103,961,-246.71509
2017-01-22 02:00:21,MH10315094,15094,"DeLAY, Thomas Dale",103,House,(TX-22),Texas,TX,22,200,,0.593,0.059,0.834,69,943,-170.68407
2017-01-22 02:00:21,MH10315445,15445,"SMITH, Lamar Seeligson",103,House,(TX-21),Texas,TX,21,200,,0.423,0.066,0.819,74,945,-188.22382
2017-01-22 02:00:21,MH10310520,10520,"GONZÁLEZ, Henry B.",103,House,(TX-20),Texas,TX,20,100,,-0.538,0.558,0.804,92,965,-210.58386
2017-01-22 02:00:21,MH10315093,15093,"COMBEST, Larry Ed",103,House,(TX-19),Texas,TX,19,200,,0.458,0.555,0.773,141,965,-248.61947
2017-01-22 02:00:21,MH10329145,29145,"WASHINGTON, Craig Anthony",103,House,(TX-18),Texas,TX,18,100,,-0.766,-0.439,0.851,29,481,-77.60132
2017-01-22 02:00:21,MH10314664,14664,"STENHOLM, Charles Walter",103,House,(TX-17),Texas,TX,17,100,,0.019,1.0,0.68,180,962,-370.97293
2017-01-22 02:00:21,MH10315018,15018,"COLEMAN, Ronald D'Emory",103,House,(TX-16),Texas,TX,16,100,,-0.402,0.548,0.83,77,940,-174.94939
2017-01-22 02:00:21,MH10310716,10716,"de la GARZA, Eligio, II (Kika)",103,House,(TX-15),Texas,TX,15,100,,-0.255,0.757,0.785,98,894,-215.9047
2017-01-22 02:00:21,MH10315611,15611,"LAUGHLIN, Gregory H.",103,House,(TX-14),Texas,TX,14,100,,-0.097,0.858,0.728,136,876,-277.60655
2017-01-22 02:00:21,MH10315623,15623,"SARPALIUS, William",103,House,(TX-13),Texas,TX,13,100,,-0.078,0.997,0.743,127,953,-282.52628
2017-01-22 02:00:21,MH10315636,15636,"GEREN, Preston M. (Pete)",103,House,(TX-12),Texas,TX,12,100,,-0.032,0.729,0.73,139,951,-299.89149
2017-01-22 02:00:21,MH10329144,29144,"EDWARDS, Thomas Chester (Chet)",103,House,(TX-11),Texas,TX,11,100,,-0.226,0.5,0.746,126,952,-278.59991
2017-01-22 02:00:21,MH10310614,10614,"PICKLE, James Jarrell (Jake)",103,House,(TX-10),Texas,TX,10,100,,-0.218,0.523,0.732,115,888,-277.0236
2017-01-22 02:00:21,MH10301077,1077,"BROOKS, Jack Bascom",103,House,(TX-09),Texas,TX,9,100,,-0.407,0.725,0.811,83,906,-190.06249
2017-01-22 02:00:21,MH10314822,14822,"FIELDS, Jack Milton, Jr.",103,House,(TX-08),Texas,TX,8,200,,0.541,-0.128,0.846,59,855,-143.19558
2017-01-22 02:00:21,MH10313002,13002,"ARCHER, William Reynolds, Jr.",103,House,(TX-07),Texas,TX,7,200,,0.496,0.2,0.756,120,953,-266.89863
2017-01-22 02:00:21,MH10315085,15085,"BARTON, Joe Linus",103,House,(TX-06),Texas,TX,6,200,,0.529,0.076,0.774,102,873,-223.64808
2017-01-22 02:00:21,MH10315013,15013,"BRYANT, John Wiley",103,House,(TX-05),Texas,TX,5,100,,-0.358,0.135,0.839,68,928,-162.80361
2017-01-22 02:00:21,MH10314828,14828,"HALL, Ralph Moody",103,House,(TX-04),Texas,TX,4,100,,0.096,0.995,0.676,175,961,-376.68819
2017-01-22 02:00:21,MH10329143,29143,"JOHNSON, Sam",103,House,(TX-03),Texas,TX,3,200,,0.609,0.339,0.85,58,945,-153.50109
2017-01-22 02:00:21,MH10314062,14062,"WILSON, Charles",103,House,(TX-02),Texas,TX,2,100,,-0.196,0.474,0.756,94,831,-232.71673
2017-01-22 02:00:21,MH10315129,15129,"CHAPMAN, Jim",103,House,(TX-01),Texas,TX,1,100,,-0.198,0.657,0.761,119,877,-239.04036
2017-01-22 02:00:21,MH10339301,39301,"CLYBURN, James Enos",103,House,(SC-06),South Carolina,SC,6,100,,-0.466,0.284,0.855,61,923,-144.77781
2017-01-22 02:00:21,MH10315064,15064,"SPRATT, John McKee, Jr.",103,House,(SC-05),South Carolina,SC,5,100,,-0.256,0.255,0.821,68,948,-186.79416
2017-01-22 02:00:21,MH10339300,39300,"INGLIS, Robert Durden",103,House,(SC-04),South Carolina,SC,4,200,,0.518,-0.058,0.631,154,958,-440.77635
2017-01-22 02:00:21,MH10314212,14212,"DERRICK, Butler Carson, Jr.",103,House,(SC-03),South Carolina,SC,3,100,,-0.215,0.258,0.79,89,906,-213.23236
2017-01-22 02:00:21,MH10313042,13042,"SPENCE, Floyd Davidson",103,House,(SC-02),South Carolina,SC,2,200,,0.32,0.185,0.771,123,952,-248.0951
2017-01-22 02:00:21,MH10315439,15439,"RAVENEL, Arthur, Jr.",103,House,(SC-01),South Carolina,SC,1,200,,0.162,-0.119,0.694,145,946,-346.0501
2017-01-22 02:00:21,MH10329383,29383,"WATT, Melvin L.",103,House,(NC-12),North Carolina,NC,12,100,,-0.526,-0.155,0.854,59,955,-150.73955
2017-01-22 02:00:21,MH10329135,29135,"TAYLOR, Charles Hart",103,House,(NC-11),North Carolina,NC,11,200,,0.488,0.116,0.786,104,944,-227.2413
2017-01-22 02:00:21,MH10315402,15402,"BALLENGER, Cass",103,House,(NC-10),North Carolina,NC,10,200,,0.464,-0.145,0.816,89,947,-192.29404
2017-01-22 02:00:21,MH10315108,15108,"McMILLAN, John Alexander, III (Alex)",103,House,(NC-09),North Carolina,NC,9,200,,0.294,-0.248,0.742,120,830,-247.35376
2017-01-22 02:00:21,MH10314233,14233,"HEFNER, Willie Gathrel (Bill)",103,House,(NC-08),North Carolina,NC,8,100,,-0.264,0.609,0.813,85,930,-192.92113
2017-01-22 02:00:21,MH10314048,14048,"ROSE, Charles Grandison, III",103,House,(NC-07),North Carolina,NC,7,100,,-0.319,0.573,0.814,71,891,-182.84357
2017-01-22 02:00:21,MH10315092,15092,"COBLE, Howard",103,House,(NC-06),North Carolina,NC,6,200,,0.52,-0.081,0.81,94,968,-204.37294
2017-01-22 02:00:21,MH10314262,14262,"NEAL, Stephen Lybrook",103,House,(NC-05),North Carolina,NC,5,100,,-0.145,0.112,0.769,76,851,-224.00259
2017-01-22 02:00:21,MH10315438,15438,"PRICE, David Eugene",103,House,(NC-04),North Carolina,NC,4,100,,-0.339,-0.016,0.85,57,955,-155.10978
2017-01-22 02:00:21,MH10315430,15430,"LANCASTER, H. Martin",103,House,(NC-03),North Carolina,NC,3,100,,-0.134,0.416,0.733,129,955,-296.47864
2017-01-22 02:00:21,MH10315073,15073,"VALENTINE, Itimous Thaddeus, Jr., (Tim)",103,House,(NC-02),North Carolina,NC,2,100,,-0.084,0.465,0.652,189,915,-390.75929
2017-01-22 02:00:21,MH10329382,29382,"CLAYTON, Eva M.",103,House,(NC-01),North Carolina,NC,1,100,,-0.459,-0.032,0.855,55,928,-145.57536
2017-01-22 02:00:21,MH10315637,15637,"TAYLOR, Gary Eugene (Gene)",103,House,(MS-05),Mississippi,MS,5,100,,-0.045,0.893,0.431,291,960,-807.08754
2017-01-22 02:00:21,MH10315617,15617,"PARKER, Michael (Mike)",103,House,(MS-04),Mississippi,MS,4,100,,0.034,0.758,0.707,141,935,-324.1389
2017-01-22 02:00:21,MH10311035,11035,"MONTGOMERY, Gillespie V. (Sonny)",103,House,(MS-03),Mississippi,MS,3,100,,0.017,1.0,0.698,156,956,-343.15343
2017-01-22 02:00:21,MH10315411,15411,"ESPY, Alphonso Michael (Mike)",103,House,(MS-02),Mississippi,MS,2,100,,-0.386,0.432,,,,
2017-01-22 02:00:21,MH10329368,29368,"THOMPSON, Bennie",103,House,(MS-02),Mississippi,MS,2,100,,-0.519,0.434,0.848,47,779,-128.07853
2017-01-22 02:00:21,MH10310075,10075,"WHITTEN, Jamie Lloyd",103,House,(MS-01),Mississippi,MS,1,100,,-0.161,0.987,0.72,112,719,-235.9516
2017-01-22 02:00:21,MH10315418,15418,"HAYES, James Allison",103,House,(LA-07),Louisiana,LA,7,100,,-0.057,0.755,0.735,127,891,-273.96431
2017-01-22 02:00:21,MH10315401,15401,"BAKER, Richard Hugh",103,House,(LA-06),Louisiana,LA,6,200,,0.423,0.022,0.812,84,920,-191.11195
2017-01-22 02:00:21,MH10315451,15451,"McCRERY, James O., III",103,House,(LA-05),Louisiana,LA,5,200,,0.362,0.08,0.758,106,936,-259.86117
2017-01-22 02:00:21,MH10329354,29354,"FIELDS, Cleo",103,House,(LA-04),Louisiana,LA,4,100,,-0.461,0.089,0.838,68,946,-166.7184
2017-01-22 02:00:21,MH10314679,14679,"TAUZIN, Wilbert Joseph (Billy)",103,House,(LA-03),Louisiana,LA,3,100,,0.03,0.568,0.716,141,923,-308.03329
2017-01-22 02:00:21,MH10329120,29120,"JEFFERSON, William Jennings",103,House,(LA-02),Louisiana,LA,2,100,,-0.424,0.242,0.849,59,898,-147.4282
2017-01-22 02:00:21,MH10314469,14469,"LIVINGSTON, Robert Linlithgow, Jr.",103,House,(LA-01),Louisiana,LA,1,200,,0.326,0.109,0.727,123,927,-296.00525
2017-01-22 02:00:21,MH10329344,29344,"McKINNEY, Cynthia Ann",103,House,(GA-11),Georgia,GA,11,100,,-0.533,-0.583,0.859,64,942,-143.52334
2017-01-22 02:00:21,MH10329343,29343,"JOHNSON, Clete Donald, Jr. (Don)",103,House,(GA-10),Georgia,GA,10,100,,-0.168,0.132,0.767,91,955,-253.07948
2017-01-22 02:00:21,MH10329342,29342,"DEAL, John Nathan",103,House,(GA-09),Georgia,GA,9,100,,-0.036,0.393,0.683,174,955,-363.83889
2017-01-22 02:00:21,MH10315057,15057,"ROWLAND, James Roy, Jr.",103,House,(GA-08),Georgia,GA,8,100,,-0.127,0.616,0.758,133,947,-262.11309
2017-01-22 02:00:21,MH10315081,15081,"DARDEN, George (Buddy)",103,House,(GA-07),Georgia,GA,7,100,,-0.161,0.691,0.784,104,956,-233.04269
2017-01-22 02:00:21,MH10314627,14627,"GINGRICH, Newton Leroy",103,House,(GA-06),Georgia,GA,6,200,,0.377,-0.257,0.806,75,903,-195.00487
2017-01-22 02:00:21,MH10315431,15431,"LEWIS, John R.",103,House,(GA-05),Georgia,GA,5,100,,-0.587,-0.239,0.88,52,953,-121.32826
2017-01-22 02:00:21,MH10329341,29341,"LINDER, John Elmer",103,House,(GA-04),Georgia,GA,4,200,,0.559,-0.008,0.834,80,962,-174.53936
2017-01-22 02:00:21,MH10329340,29340,"COLLINS, Michael Allen (Mac)",103,House,(GA-03),Georgia,GA,3,200,,0.536,0.324,0.776,102,956,-242.95868
2017-01-22 02:00:21,MH10329339,29339,"BISHOP, Sanford Dixon, Jr.",103,House,(GA-02),Georgia,GA,2,100,,-0.289,0.537,0.814,64,926,-190.36298
2017-01-22 02:00:21,MH10329338,29338,"KINGSTON, Jack",103,House,(GA-01),Georgia,GA,1,200,,0.54,0.302,0.755,116,953,-268.03802
2017-01-22 02:00:21,MH10329337,29337,"HASTINGS, Alcee Lamar",103,House,(FL-23),Florida,FL,23,100,,-0.567,0.16,0.857,59,836,-128.66011
2017-01-22 02:00:21,MH10314860,14860,"SHAW, Eugene Clay, Jr.",103,House,(FL-22),Florida,FL,22,200,,0.3,-0.142,0.776,99,940,-238.84393
2017-01-22 02:00:21,MH10329336,29336,"DIAZ-BALART, Lincoln",103,House,(FL-21),Florida,FL,21,200,,0.243,-0.105,0.599,205,955,-490.18497
2017-01-22 02:00:21,MH10329335,29335,"DEUTSCH, Peter R.",103,House,(FL-20),Florida,FL,20,100,,-0.324,-0.115,0.814,80,958,-196.80664
2017-01-22 02:00:21,MH10315609,15609,"JOHNSTON, Harry A., II",103,House,(FL-19),Florida,FL,19,100,,-0.372,-0.376,0.82,73,915,-181.1538
2017-01-22 02:00:21,MH10315634,15634,"ROS-LEHTINEN, Ileana",103,House,(FL-18),Florida,FL,18,200,,0.245,-0.205,0.64,176,931,-415.00565
2017-01-22 02:00:21,MH10329334,29334,"MEEK, Carrie P.",103,House,(FL-17),Florida,FL,17,100,,-0.483,0.12,0.829,81,913,-171.54644
2017-01-22 02:00:21,MH10315035,15035,"LEWIS, Thomas F.",103,House,(FL-16),Florida,FL,16,200,,0.387,-0.324,0.814,75,885,-182.11703
2017-01-22 02:00:21,MH10329112,29112,"BACCHUS, James",103,House,(FL-15),Florida,FL,15,100,,-0.236,-0.024,0.749,112,921,-266.17814
2017-01-22 02:00:21,MH10315605,15605,"GOSS, Porter J.",103,House,(FL-14),Florida,FL,14,200,,0.421,-0.394,0.81,80,969,-204.30138
2017-01-22 02:00:21,MH10329333,29333,"MILLER, Daniel",103,House,(FL-13),Florida,FL,13,200,,0.453,-0.494,0.748,111,955,-276.89334
2017-01-22 02:00:21,MH10329332,29332,"CANADY, Charles Terrance",103,House,(FL-12),Florida,FL,12,200,,0.382,0.031,0.811,86,966,-202.77466
2017-01-22 02:00:21,MH10310588,10588,"GIBBONS, Sam Melville",103,House,(FL-11),Florida,FL,11,100,,-0.233,0.17,0.766,105,906,-241.50895
2017-01-22 02:00:21,MH10313047,13047,"YOUNG, Charles William (Bill)",103,House,(FL-10),Florida,FL,10,200,,0.325,-0.112,0.746,121,920,-269.52337
2017-01-22 02:00:21,MH10315006,15006,"BILIRAKIS, Michael",103,House,(FL-09),Florida,FL,9,200,,0.382,-0.219,0.774,102,930,-237.92275
2017-01-22 02:00:21,MH10314842,14842,"McCOLLUM, Ira William, Jr. (Bill)",103,House,(FL-08),Florida,FL,8,200,,0.377,-0.101,0.758,115,921,-255.64544
2017-01-22 02:00:21,MH10329331,29331,"MICA, John L.",103,House,(FL-07),Florida,FL,7,200,,0.453,0.137,0.793,98,956,-221.716
2017-01-22 02:00:21,MH10315627,15627,"STEARNS, Clifford Bundy",103,House,(FL-06),Florida,FL,6,200,,0.554,-0.075,0.805,92,955,-207.2693
2017-01-22 02:00:21,MH10329330,29330,"THURMAN, Karen L.",103,House,(FL-05),Florida,FL,5,100,,-0.304,0.273,0.735,130,961,-296.36286
2017-01-22 02:00:21,MH10329329,29329,"FOWLER, Tillie Kidd",103,House,(FL-04),Florida,FL,4,200,,0.329,-0.209,0.749,124,940,-271.33526
2017-01-22 02:00:21,MH10329328,29328,"BROWN, Corrine",103,House,(FL-03),Florida,FL,3,100,,-0.429,0.192,0.827,80,927,-176.55517
2017-01-22 02:00:21,MH10329111,29111,"PETERSON, Douglas Brian (Pete)",103,House,(FL-02),Florida,FL,2,100,,-0.261,0.417,0.835,56,956,-172.2463
2017-01-22 02:00:21,MH10314636,14636,"HUTTO, Earl Dewitt",103,House,(FL-01),Florida,FL,1,100,,-0.007,0.732,0.73,135,931,-292.72801
2017-01-22 02:00:21,MH10329307,29307,"DICKEY, Jay W., Jr.",103,House,(AR-04),Arkansas,AR,4,200,,0.391,0.22,0.768,94,940,-247.61012
2017-01-22 02:00:21,MH10329306,29306,"HUTCHINSON, Timothy",103,House,(AR-03),Arkansas,AR,3,200,,0.419,0.072,0.803,84,957,-209.51314
2017-01-22 02:00:21,MH10314058,14058,"THORNTON, Raymond Hoyt (Ray), Jr.",103,House,(AR-02),Arkansas,AR,2,100,,-0.306,0.635,0.839,55,935,-163.94137
2017-01-22 02:00:21,MH10329305,29305,"LINCOLN, Blanche Lambert",103,House,(AR-01),Arkansas,AR,1,100,,-0.166,0.178,0.735,137,958,-294.5015
2017-01-22 02:00:21,MH10329302,29302,"HILLIARD, Earl Frederick",103,House,(AL-07),Alabama,AL,7,100,,-0.555,0.569,0.81,80,881,-185.88186
2017-01-22 02:00:21,MH10329301,29301,"BACHUS, Spencer T., III",103,House,(AL-06),Alabama,AL,6,200,,0.387,0.228,0.792,81,946,-220.67882
2017-01-22 02:00:21,MH10329100,29100,"CRAMER, Robert E. (Bud), Jr.",103,House,(AL-05),Alabama,AL,5,100,,-0.132,0.612,0.789,99,952,-226.08034
2017-01-22 02:00:21,MH10311000,11000,"BEVILL, Tom",103,House,(AL-04),Alabama,AL,4,100,,-0.213,0.976,0.814,72,917,-188.84407
2017-01-22 02:00:21,MH10315632,15632,"BROWDER, John Glen",103,House,(AL-03),Alabama,AL,3,100,,-0.165,0.826,0.799,88,948,-212.75516
2017-01-22 02:00:21,MH10329300,29300,"EVERETT, Robert Terry",103,House,(AL-02),Alabama,AL,2,200,,0.414,0.528,0.768,122,959,-252.86443
2017-01-22 02:00:21,MH10315090,15090,"CALLAHAN, Herbert Leon (Sonny)",103,House,(AL-01),Alabama,AL,1,200,,0.373,0.202,0.763,118,926,-250.02016
2017-01-22 02:00:21,MH10339309,39309,"BYRNE, Leslie Larkin",103,House,(VA-11),Virginia,VA,11,100,,-0.259,-0.258,0.808,78,949,-202.50477
2017-01-22 02:00:21,MH10314869,14869,"WOLF, Frank Rudolph",103,House,(VA-10),Virginia,VA,10,200,,0.284,-0.213,0.766,104,961,-256.67803
2017-01-22 02:00:21,MH10315010,15010,"BOUCHER, Frederick C.",103,House,(VA-09),Virginia,VA,9,100,,-0.265,0.189,0.817,82,918,-185.57424
2017-01-22 02:00:21,MH10329149,29149,"MORAN, James P.",103,House,(VA-08),Virginia,VA,8,100,,-0.302,-0.203,0.795,94,921,-211.21542
2017-01-22 02:00:21,MH10314802,14802,"BLILEY, Thomas Jerome, Jr.",103,House,(VA-07),Virginia,VA,7,200,,0.382,-0.13,0.791,92,952,-223.01548
2017-01-22 02:00:21,MH10339308,39308,"GOODLATTE, Robert William",103,House,(VA-06),Virginia,VA,6,200,,0.49,0.058,0.809,99,964,-204.08725
2017-01-22 02:00:21,MH10315452,15452,"PAYNE, Lewis Franklin, Jr.",103,House,(VA-05),Virginia,VA,5,100,,-0.148,0.418,0.751,121,957,-274.50421
2017-01-22 02:00:21,MH10315060,15060,"SISISKY, Norman",103,House,(VA-04),Virginia,VA,4,100,,-0.122,0.453,0.756,113,926,-258.85733
2017-01-22 02:00:21,MH10339307,39307,"SCOTT, Robert C.",103,House,(VA-03),Virginia,VA,3,100,,-0.457,0.04,0.847,74,942,-156.43968
2017-01-22 02:00:21,MH10315437,15437,"PICKETT, Owen Bradford",103,House,(VA-02),Virginia,VA,2,100,,-0.149,0.555,0.707,140,934,-324.28363
2017-01-22 02:00:21,MH10315003,15003,"BATEMAN, Herbert Harvell",103,House,(VA-01),Virginia,VA,1,200,,0.242,0.191,0.706,160,928,-322.77758
2017-01-22 02:00:21,MH10315425,15425,"JOHNSON, Timothy Peter (Tim)",103,House,(SD-01),South Dakota,SD,1,100,,-0.25,0.143,0.761,105,956,-261.23078
2017-01-22 02:00:21,MH10329384,29384,"POMEROY, Earl Ralph, III",103,House,(ND-01),North Dakota,ND,1,100,,-0.266,0.339,0.785,103,953,-230.63592
2017-01-22 02:00:21,MH10329129,29129,"BARRETT, William E.",103,House,(NE-03),Nebraska,NE,3,200,,0.379,-0.073,0.812,91,962,-200.30465
2017-01-22 02:00:21,MH10315607,15607,"HOAGLAND, Peter J.",103,House,(NE-02),Nebraska,NE,2,100,,-0.209,-0.047,0.736,120,955,-293.16991
2017-01-22 02:00:21,MH10314605,14605,"BEREUTER, Douglas Kent",103,House,(NE-01),Nebraska,NE,1,200,,0.231,-0.347,0.7,172,962,-342.83764
2017-01-22 02:00:21,MH10314459,14459,"VOLKMER, Harold Lee",103,House,(MO-09),Missouri,MO,9,100,,-0.196,0.329,0.738,141,958,-290.64965
2017-01-22 02:00:21,MH10314819,14819,"EMERSON, Norvell William (Bill)",103,House,(MO-08),Missouri,MO,8,200,,0.332,-0.125,0.761,112,948,-259.46594
2017-01-22 02:00:21,MH10315606,15606,"HANCOCK, Melton D. (Mel)",103,House,(MO-07),Missouri,MO,7,200,,0.79,-0.048,0.904,29,951,-95.63772
2017-01-22 02:00:21,MH10329370,29370,"DANNER, Patsy Ann (Pat)",103,House,(MO-06),Missouri,MO,6,100,,-0.186,0.529,0.75,118,959,-276.08794
2017-01-22 02:00:21,MH10315076,15076,"WHEAT, Alan Dupree",103,House,(MO-05),Missouri,MO,5,100,,-0.465,-0.73,0.855,55,867,-135.71318
2017-01-22 02:00:21,MH10314451,14451,"SKELTON, Isaac Newton, IV (Ike)",103,House,(MO-04),Missouri,MO,4,100,,-0.172,0.724,0.768,106,939,-247.66799
2017-01-22 02:00:21,MH10314421,14421,"GEPHARDT, Richard Andrew",103,House,(MO-03),Missouri,MO,3,100,,-0.416,0.245,0.877,41,915,-120.1755
2017-01-22 02:00:21,MH10329369,29369,"TALENT, James Matthes",103,House,(MO-02),Missouri,MO,2,200,,0.364,0.098,0.816,72,951,-193.03605
2017-01-22 02:00:21,MH10312009,12009,"CLAY, William Lacy, Sr.",103,House,(MO-01),Missouri,MO,1,100,,-0.49,-0.872,0.686,138,873,-328.54171
2017-01-22 02:00:21,MH10314265,14265,"OBERSTAR, James Louis",103,House,(MN-08),Minnesota,MN,8,100,,-0.553,0.304,0.79,96,953,-224.12701
2017-01-22 02:00:21,MH10329127,29127,"PETERSON, Collin Clark",103,House,(MN-07),Minnesota,MN,7,100,,-0.144,0.755,0.565,232,955,-545.7137
2017-01-22 02:00:21,MH10329367,29367,"GRAMS, Rod",103,House,(MN-06),Minnesota,MN,6,200,,0.506,-0.195,0.846,65,926,-154.53458
2017-01-22 02:00:21,MH10314656,14656,"SABO, Martin Olav",103,House,(MN-05),Minnesota,MN,5,100,,-0.516,-0.317,0.881,58,946,-120.33238
2017-01-22 02:00:21,MH10314458,14458,"VENTO, Bruce Frank",103,House,(MN-04),Minnesota,MN,4,100,,-0.472,-0.376,0.882,38,943,-118.39907
2017-01-22 02:00:21,MH10329126,29126,"RAMSTAD, James (Jim)",103,House,(MN-03),Minnesota,MN,3,200,,0.316,-0.683,0.753,139,967,-273.93397
2017-01-22 02:00:21,MH10329366,29366,"MINGE, David R.",103,House,(MN-02),Minnesota,MN,2,100,,-0.213,-0.131,0.558,223,950,-555.05055
2017-01-22 02:00:21,MH10315052,15052,"PENNY, Timothy Joseph",103,House,(MN-01),Minnesota,MN,1,100,,-0.051,-0.502,0.405,360,958,-864.73836
2017-01-22 02:00:21,MH10314422,14422,"GLICKMAN, Daniel Robert",103,House,(KS-04),Kansas,KS,4,100,,-0.133,-0.149,0.744,111,950,-281.03308
2017-01-22 02:00:21,MH10315109,15109,"MEYERS, Jan",103,House,(KS-03),Kansas,KS,3,200,,0.208,-0.541,0.752,103,950,-270.56779
2017-01-22 02:00:21,MH10315061,15061,"SLATTERY, James Charles",103,House,(KS-02),Kansas,KS,2,100,,-0.099,-0.04,0.687,119,751,-281.74529
2017-01-22 02:00:21,MH10314852,14852,"ROBERTS, Charles Patrick (Pat)",103,House,(KS-01),Kansas,KS,1,200,,0.415,-0.096,0.805,89,946,4424.411
2017-01-22 02:00:21,MH10315414,15414,"GRANDY, Frederick Lawrence",103,House,(IA-05),Iowa,IA,5,200,,0.283,-0.465,0.701,126,802,-285.01254
2017-01-22 02:00:21,MH10308672,8672,"SMITH, Neal Edward",103,House,(IA-04),Iowa,IA,4,100,,-0.313,0.174,0.748,126,929,-269.59725
2017-01-22 02:00:21,MH10315106,15106,"LIGHTFOOT, James Ross",103,House,(IA-03),Iowa,IA,3,200,,0.391,-0.211,0.723,132,945,-306.3743
2017-01-22 02:00:21,MH10329118,29118,"NUSSLE, James Allen",103,House,(IA-02),Iowa,IA,2,200,,0.417,-0.178,0.76,115,964,-264.17248
2017-01-22 02:00:21,MH10314432,14432,"LEACH, James Albert Smith",103,House,(IA-01),Iowa,IA,1,200,,0.141,-0.79,0.708,155,924,-319.11178
2017-01-22 02:00:21,MH10314657,14657,"SENSENBRENNER, Frank James, Jr.",103,House,(WI-09),Wisconsin,WI,9,200,,0.646,-0.617,0.808,99,969,-207.08892
2017-01-22 02:00:21,MH10314655,14655,"ROTH, Toby A.",103,House,(WI-08),Wisconsin,WI,8,200,,0.351,-0.21,0.723,137,944,-306.28901
2017-01-22 02:00:21,MH10312036,12036,"OBEY, David Ross",103,House,(WI-07),Wisconsin,WI,7,100,,-0.45,-0.063,0.808,82,939,-200.05603
2017-01-22 02:00:21,MH10314675,14675,"PETRI, Thomas Evert",103,House,(WI-06),Wisconsin,WI,6,200,,0.379,-0.367,0.731,134,954,-299.21149
2017-01-22 02:00:21,MH10339315,39315,"BARRETT, Thomas M.",103,House,(WI-05),Wisconsin,WI,5,100,,-0.38,-0.507,0.787,93,959,-229.75806
2017-01-22 02:00:21,MH10315082,15082,"KLECZKA, Gerald Daniel",103,House,(WI-04),Wisconsin,WI,4,100,,-0.322,-0.093,0.821,80,942,-186.10318
2017-01-22 02:00:21,MH10314827,14827,"GUNDERSON, Steven Craig",103,House,(WI-03),Wisconsin,WI,3,200,,0.203,-0.293,0.685,166,960,-363.38193
2017-01-22 02:00:21,MH10329150,29150,"KLUG, Scott L.",103,House,(WI-02),Wisconsin,WI,2,200,,0.258,-0.713,0.738,134,957,-290.6915
2017-01-22 02:00:21,MH10313003,13003,"ASPIN, Leslie",103,House,(WI-01),Wisconsin,WI,1,100,,-0.32,-0.125,,,,
2017-01-22 02:00:21,MH10339314,39314,"BARCA, Peter William",103,House,(WI-01),Wisconsin,WI,1,100,,-0.171,-0.192,0.684,130,799,-303.84884
2017-01-22 02:00:21,MH10329391,29391,"FINGERHUT, Eric D.",103,House,(OH-19),Ohio,OH,19,100,,-0.191,-0.381,0.733,120,947,-293.81696
2017-01-22 02:00:21,MH10314402,14402,"APPLEGATE, Douglas Earl",103,House,(OH-18),Ohio,OH,18,100,,-0.106,0.166,0.656,169,915,-385.94136
2017-01-22 02:00:21,MH10315121,15121,"TRAFICANT, James A., Jr.",103,House,(OH-17),Ohio,OH,17,100,,-0.082,0.071,0.655,182,963,-408.19031
2017-01-22 02:00:21,MH10314045,14045,"REGULA, Ralph Straus",103,House,(OH-16),Ohio,OH,16,200,,0.221,-0.223,0.732,136,969,-302.12994
2017-01-22 02:00:21,MH10329390,29390,"PRYCE, Deborah D.",103,House,(OH-15),Ohio,OH,15,200,,0.32,-0.329,0.792,97,937,-218.86168
2017-01-22 02:00:21,MH10315442,15442,"SAWYER, Thomas Charles",103,House,(OH-14),Ohio,OH,14,100,,-0.377,-0.114,0.88,44,958,-122.60242
2017-01-22 02:00:21,MH10329389,29389,"BROWN, Sherrod",103,House,(OH-13),Ohio,OH,13,100,,-0.442,-0.147,0.781,91,947,3052.312
2017-01-22 02:00:21,MH10315030,15030,"KASICH, John Richard",103,House,(OH-12),Ohio,OH,12,200,,0.314,0.013,0.708,169,948,-327.21694
2017-01-22 02:00:21,MH10312030,12030,"STOKES, Louis",103,House,(OH-11),Ohio,OH,11,100,,-0.578,-0.312,0.855,66,908,-142.39594
2017-01-22 02:00:21,MH10329388,29388,"HOKE, Martin R.",103,House,(OH-10),Ohio,OH,10,200,,0.338,-0.244,0.705,141,918,-320.36451
2017-01-22 02:00:21,MH10315029,15029,"KAPTUR, Marcia Carolyn (Marcy)",103,House,(OH-09),Ohio,OH,9,100,,-0.351,0.123,0.752,118,913,-260.4512
2017-01-22 02:00:21,MH10329137,29137,"BOEHNER, John Andrew",103,House,(OH-08),Ohio,OH,8,200,,0.513,0.04,0.85,76,946,-153.92614
2017-01-22 02:00:21,MH10329136,29136,"HOBSON, David Lee",103,House,(OH-07),Ohio,OH,7,200,,0.315,-0.229,0.753,127,968,-274.77794
2017-01-22 02:00:21,MH10329747,29747,"STRICKLAND, Ted",103,House,(OH-06),Ohio,OH,6,100,,-0.384,0.404,0.813,93,957,-198.18408
2017-01-22 02:00:21,MH10315604,15604,"GILLMOR, Paul Eugene",103,House,(OH-05),Ohio,OH,5,200,,0.254,0.106,0.692,190,946,-348.06107
2017-01-22 02:00:21,MH10314875,14875,"OXLEY, Michael Garver",103,House,(OH-04),Ohio,OH,4,200,,0.382,-0.093,0.75,116,938,-270.13432
2017-01-22 02:00:21,MH10314632,14632,"HALL, Tony Patrick",103,House,(OH-03),Ohio,OH,3,100,,-0.28,0.155,0.771,101,901,-234.53303
2017-01-22 02:00:21,MH10314225,14225,"GRADISON, Willis David, Jr.",103,House,(OH-02),Ohio,OH,2,200,,0.233,-0.338,,,,
2017-01-22 02:00:21,MH10329386,29386,"PORTMAN, Robert Jones (Rob)",103,House,(OH-02),Ohio,OH,2,200,,0.376,-0.258,0.809,66,820,2471.531
2017-01-22 02:00:21,MH10329385,29385,"MANN, David Scott",103,House,(OH-01),Ohio,OH,1,100,,-0.216,-0.149,0.711,152,950,-323.94554
2017-01-22 02:00:21,MH10302605,2605,"DINGELL, John David, Jr.",103,House,(MI-16),Michigan,MI,16,100,,-0.448,0.313,0.799,91,907,-203.86986
2017-01-22 02:00:21,MH10329125,29125,"COLLINS, Barbara-Rose",103,House,(MI-15),Michigan,MI,15,100,,-0.648,-0.164,0.876,48,918,-121.63114
2017-01-22 02:00:21,MH10310713,10713,"CONYERS, John, Jr.",103,House,(MI-14),Michigan,MI,14,100,,-0.66,-0.465,0.849,48,791,-129.08531
2017-01-22 02:00:21,MH10310727,10727,"FORD, William David",103,House,(MI-13),Michigan,MI,13,100,,-0.516,0.098,0.847,54,829,-137.74495
2017-01-22 02:00:21,MH10315033,15033,"LEVIN, Sander Martin",103,House,(MI-12),Michigan,MI,12,100,,-0.379,-0.075,0.865,55,967,-140.62453
2017-01-22 02:00:21,MH10329365,29365,"KNOLLENBERG, Joseph",103,House,(MI-11),Michigan,MI,11,200,,0.366,-0.053,0.795,94,956,-219.57672
2017-01-22 02:00:21,MH10314407,14407,"BONIOR, David Edward",103,House,(MI-10),Michigan,MI,10,100,,-0.547,-0.006,0.867,62,937,-133.29762
2017-01-22 02:00:21,MH10314430,14430,"KILDEE, Dale Edward",103,House,(MI-09),Michigan,MI,9,100,,-0.385,0.011,0.766,96,969,-258.27313
2017-01-22 02:00:21,MH10314210,14210,"CARR, Milton Robert (Bob)",103,House,(MI-08),Michigan,MI,8,100,,-0.254,-0.342,0.714,113,881,-296.94845
2017-01-22 02:00:21,MH10329364,29364,"SMITH, Nick H.",103,House,(MI-07),Michigan,MI,7,200,,0.505,-0.229,0.745,115,935,-274.96969
2017-01-22 02:00:21,MH10315446,15446,"UPTON, Frederick Stephen",103,House,(MI-06),Michigan,MI,6,200,,0.337,-0.402,0.71,161,969,-332.28132
2017-01-22 02:00:21,MH10329363,29363,"BARCIA, James A.",103,House,(MI-05),Michigan,MI,5,100,,-0.184,0.547,0.687,170,948,-356.3003
2017-01-22 02:00:21,MH10329124,29124,"CAMP, David Lee",103,House,(MI-04),Michigan,MI,4,200,,0.385,-0.048,0.789,89,961,-227.44823
2017-01-22 02:00:21,MH10315103,15103,"HENRY, Paul B.",103,House,(MI-03),Michigan,MI,3,200,,0.264,-0.773,,,,
2017-01-22 02:00:21,MH10329362,29362,"EHLERS, Vernon James",103,House,(MI-03),Michigan,MI,3,200,,0.316,-0.622,0.622,95,438,-207.94741
2017-01-22 02:00:21,MH10329361,29361,"HOEKSTRA, Peter",103,House,(MI-02),Michigan,MI,2,200,,0.516,-0.262,0.736,124,965,-295.26457
2017-01-22 02:00:21,MH10329360,29360,"STUPAK, Bart T.",103,House,(MI-01),Michigan,MI,1,100,,-0.396,0.701,0.738,139,958,-291.12722
2017-01-22 02:00:21,MH10310742,10742,"JACOBS, Andrew, Jr.",103,House,(IN-10),Indiana,IN,10,100,,-0.07,-0.846,0.569,259,959,-540.42307
2017-01-22 02:00:21,MH10310732,10732,"HAMILTON, Lee Herbert",103,House,(IN-09),Indiana,IN,9,100,,-0.171,-0.053,0.72,134,968,-317.87181
2017-01-22 02:00:21,MH10315041,15041,"McCLOSKEY, Francis Xavier",103,House,(IN-08),Indiana,IN,8,100,,-0.336,0.094,0.833,78,928,-169.62679
2017-01-22 02:00:21,MH10311036,11036,"MYERS, John Thomas",103,House,(IN-07),Indiana,IN,7,200,,0.236,0.254,0.679,170,947,-367.12536
2017-01-22 02:00:21,MH10315014,15014,"BURTON, Danny Lee",103,House,(IN-06),Indiana,IN,6,200,,0.585,-0.026,0.862,58,952,-141.2436
2017-01-22 02:00:21,MH10329350,29350,"BUYER, Stephen Earle",103,House,(IN-05),Indiana,IN,5,200,,0.435,0.192,0.817,77,953,-192.53765
2017-01-22 02:00:21,MH10315631,15631,"LONG, Jill Lynette",103,House,(IN-04),Indiana,IN,4,100,,-0.224,0.065,0.778,104,955,-239.25753
2017-01-22 02:00:21,MH10329117,29117,"ROEMER, Timothy John",103,House,(IN-03),Indiana,IN,3,100,,-0.165,0.229,0.728,142,959,-304.78465
2017-01-22 02:00:21,MH10314274,14274,"SHARP, Philip Riley",103,House,(IN-02),Indiana,IN,2,100,,-0.166,-0.283,0.766,86,877,-233.5303
2017-01-22 02:00:21,MH10315124,15124,"VISCLOSKY, Peter",103,House,(IN-01),Indiana,IN,1,100,,-0.404,0.257,0.782,108,955,-235.40424
2017-01-22 02:00:21,MH10315021,15021,"DURBIN, Richard Joseph",103,House,(IL-20),Illinois,IL,20,100,,-0.366,-0.356,0.818,84,965,3611.116
2017-01-22 02:00:21,MH10315620,15620,"POSHARD, Glenn",103,House,(IL-19),Illinois,IL,19,100,,-0.211,0.392,0.628,224,969,-450.12038
2017-01-22 02:00:21,MH10306455,6455,"MICHEL, Robert Henry",103,House,(IL-18),Illinois,IL,18,200,,0.372,-0.157,0.769,99,888,-233.02289
2017-01-22 02:00:21,MH10315023,15023,"EVANS, Lane Allen",103,House,(IL-17),Illinois,IL,17,100,,-0.454,-0.181,0.865,56,954,-137.97295
2017-01-22 02:00:21,MH10329349,29349,"MANZULLO, Donald A.",103,House,(IL-16),Illinois,IL,16,200,,0.51,0.0,0.82,85,965,-191.08623
2017-01-22 02:00:21,MH10329115,29115,"EWING, Thomas W.",103,House,(IL-15),Illinois,IL,15,200,,0.361,-0.094,0.807,74,947,-202.87028
2017-01-22 02:00:21,MH10315417,15417,"HASTERT, John Dennis",103,House,(IL-14),Illinois,IL,14,200,,0.443,-0.122,0.811,87,949,-198.70334
2017-01-22 02:00:21,MH10315098,15098,"FAWELL, Harris W.",103,House,(IL-13),Illinois,IL,13,200,,0.332,-0.616,0.756,127,965,-270.4419
2017-01-22 02:00:21,MH10315453,15453,"COSTELLO, Jerry Francis",103,House,(IL-12),Illinois,IL,12,100,,-0.317,0.657,0.667,180,958,-388.64851
2017-01-22 02:00:21,MH10315622,15622,"SANGMEISTER, George Edward",103,House,(IL-11),Illinois,IL,11,100,,-0.226,0.075,0.793,84,940,-217.96052
2017-01-22 02:00:21,MH10314677,14677,"PORTER, John Edward",103,House,(IL-10),Illinois,IL,10,200,,0.217,-0.604,0.696,154,934,-339.10361
2017-01-22 02:00:21,MH10310421,10421,"YATES, Sidney Richard",103,House,(IL-09),Illinois,IL,9,100,,-0.494,-0.494,0.847,78,916,-152.34206
2017-01-22 02:00:21,MH10312041,12041,"CRANE, Philip Miller",103,House,(IL-08),Illinois,IL,8,200,,0.739,0.023,0.86,53,913,-137.37282
2017-01-22 02:00:21,MH10314068,14068,"COLLINS, Cardiss",103,House,(IL-07),Illinois,IL,7,100,,-0.552,-0.218,0.855,46,877,-137.15355
2017-01-22 02:00:21,MH10314239,14239,"HYDE, Henry John",103,House,(IL-06),Illinois,IL,6,200,,0.312,-0.18,0.711,131,936,-318.92971
2017-01-22 02:00:21,MH10308080,8080,"ROSTENKOWSKI, Daniel David",103,House,(IL-05),Illinois,IL,5,100,,-0.39,0.246,0.822,71,867,-169.5587
2017-01-22 02:00:21,MH10329348,29348,"GUTIÉRREZ, Luis V.",103,House,(IL-04),Illinois,IL,4,100,,-0.485,-0.257,0.849,60,899,-147.68611
2017-01-22 02:00:21,MH10315036,15036,"LIPINSKI, William Oliver",103,House,(IL-03),Illinois,IL,3,100,,-0.176,0.3,0.702,150,922,-325.77405
2017-01-22 02:00:21,MH10329347,29347,"REYNOLDS, Mel",103,House,(IL-02),Illinois,IL,2,100,,-0.489,-0.041,0.858,61,854,-131.03422
2017-01-22 02:00:21,MH10329346,29346,"RUSH, Bobby L.",103,House,(IL-01),Illinois,IL,1,100,,-0.481,-0.183,0.879,42,886,-114.44787
2017-01-22 02:00:21,MH10315056,15056,"RIDGE, Thomas Joseph",103,House,(PA-21),Pennsylvania,PA,21,200,,0.186,-0.669,0.718,121,807,-267.27694
2017-01-22 02:00:21,MH10314441,14441,"MURPHY, Austin John",103,House,(PA-20),Pennsylvania,PA,20,100,,-0.081,-0.357,0.514,301,872,-580.25449
2017-01-22 02:00:21,MH10314288,14288,"GOODLING, William Franklin",103,House,(PA-19),Pennsylvania,PA,19,200,,0.336,-0.494,0.733,135,947,-293.75357
2017-01-22 02:00:21,MH10329141,29141,"SANTORUM, Richard John (Rick)",103,House,(PA-18),Pennsylvania,PA,18,200,,0.338,-0.234,0.694,137,899,-328.70479
2017-01-22 02:00:21,MH10315026,15026,"GEKAS, George William",103,House,(PA-17),Pennsylvania,PA,17,200,,0.426,-0.295,0.764,107,959,-258.49914
2017-01-22 02:00:21,MH10314461,14461,"WALKER, Robert Smith",103,House,(PA-16),Pennsylvania,PA,16,200,,0.581,-0.639,0.83,73,969,-180.18203
2017-01-22 02:00:21,MH10329399,29399,"McHALE, Paul F., Jr.",103,House,(PA-15),Pennsylvania,PA,15,100,,-0.242,-0.002,0.784,108,967,-235.10096
2017-01-22 02:00:21,MH10314808,14808,"COYNE, William Joseph",103,House,(PA-14),Pennsylvania,PA,14,100,,-0.494,-0.119,0.884,58,959,-118.05897
2017-01-22 02:00:21,MH10329398,29398,"MARGOLIES-MEZVINSKY, Marjorie",103,House,(PA-13),Pennsylvania,PA,13,100,,-0.223,-0.5,0.729,120,954,-301.59727
2017-01-22 02:00:21,MH10314072,14072,"MURTHA, John Patrick, Jr.",103,House,(PA-12),Pennsylvania,PA,12,100,,-0.265,0.569,0.802,88,919,-202.27035
2017-01-22 02:00:21,MH10315104,15104,"KANJORSKI, Paul E.",103,House,(PA-11),Pennsylvania,PA,11,100,,-0.303,0.364,0.728,136,965,-306.18355
2017-01-22 02:00:21,MH10310607,10607,"McDADE, Joseph Michael",103,House,(PA-10),Pennsylvania,PA,10,200,,0.093,-0.355,0.638,164,771,-346.16969
2017-01-22 02:00:21,MH10314052,14052,"SHUSTER, E. G. (Bud)",103,House,(PA-09),Pennsylvania,PA,9,200,,0.416,0.144,0.788,97,942,-223.85883
2017-01-22 02:00:21,MH10329397,29397,"GREENWOOD, James Charles",103,House,(PA-08),Pennsylvania,PA,8,200,,0.225,-0.632,0.684,126,945,-359.43002
2017-01-22 02:00:21,MH10315447,15447,"WELDON, Wayne Curtis (Curt)",103,House,(PA-07),Pennsylvania,PA,7,200,,0.232,-0.324,0.755,122,946,-265.62395
2017-01-22 02:00:21,MH10329396,29396,"HOLDEN, Thomas Timothy (Tim)",103,House,(PA-06),Pennsylvania,PA,6,100,,-0.233,0.608,0.719,161,963,-317.16554
2017-01-22 02:00:21,MH10314612,14612,"CLINGER, William Floyd, Jr.",103,House,(PA-05),Pennsylvania,PA,5,200,,0.176,-0.221,0.69,170,899,-333.65585
2017-01-22 02:00:21,MH10329395,29395,"KLINK, Ronald",103,House,(PA-04),Pennsylvania,PA,4,100,,-0.31,0.526,0.708,167,951,-327.97093
2017-01-22 02:00:21,MH10315008,15008,"BORSKI, Robert Anthony, Jr.",103,House,(PA-03),Pennsylvania,PA,3,100,,-0.416,0.406,0.832,66,940,-172.65159
2017-01-22 02:00:21,MH10329140,29140,"BLACKWELL, Lucien Edward",103,House,(PA-02),Pennsylvania,PA,2,100,,-0.538,-0.216,0.883,43,835,-103.51976
2017-01-22 02:00:21,MH10314823,14823,"FOGLIETTA, Thomas Michael",103,House,(PA-01),Pennsylvania,PA,1,100,,-0.506,-0.057,0.843,59,919,-156.67635
2017-01-22 02:00:21,MH10315423,15423,"HOUGHTON, Amory, Jr.",103,House,(NY-31),New York,NY,31,200,,0.154,-0.281,0.592,240,919,-481.11782
2017-01-22 02:00:21,MH10329381,29381,"QUINN, John Francis (Jack)",103,House,(NY-30),New York,NY,30,200,,0.198,-0.223,0.721,145,941,-307.28499
2017-01-22 02:00:21,MH10314248,14248,"LaFALCE, John Joseph",103,House,(NY-29),New York,NY,29,100,,-0.357,0.112,0.736,109,926,-283.81031
2017-01-22 02:00:21,MH10315444,15444,"SLAUGHTER, Louise McIntosh",103,House,(NY-28),New York,NY,28,100,,-0.465,-0.105,0.853,64,956,-151.84501
2017-01-22 02:00:21,MH10315618,15618,"PAXON, L. William",103,House,(NY-27),New York,NY,27,200,,0.472,-0.167,0.847,68,966,-160.7683
2017-01-22 02:00:21,MH10329380,29380,"HINCHEY, Maurice Dunlea",103,House,(NY-26),New York,NY,26,100,,-0.575,-0.007,0.859,65,928,-141.44894
2017-01-22 02:00:21,MH10315630,15630,"WALSH, James T.",103,House,(NY-25),New York,NY,25,200,,0.208,-0.19,0.69,149,954,-353.63233
2017-01-22 02:00:21,MH10339316,39316,"McHUGH, John Michael",103,House,(NY-24),New York,NY,24,200,,0.225,-0.063,0.731,122,951,-298.43906
2017-01-22 02:00:21,MH10315007,15007,"BOEHLERT, Sherwood Louis",103,House,(NY-23),New York,NY,23,200,,0.103,-0.718,0.721,139,953,-311.40217
2017-01-22 02:00:21,MH10314662,14662,"SOLOMON, Gerald Brooks Hunt",103,House,(NY-22),New York,NY,22,200,,0.492,-0.333,0.818,79,930,-187.27621
2017-01-22 02:00:21,MH10315614,15614,"McNULTY, Michael Robert",103,House,(NY-21),New York,NY,21,100,,-0.369,0.369,0.736,120,927,-284.75794
2017-01-22 02:00:21,MH10314015,14015,"GILMAN, Benjamin Arthur",103,House,(NY-20),New York,NY,20,200,,0.043,-0.425,0.628,223,961,-447.23867
2017-01-22 02:00:21,MH10312013,12013,"FISH, Hamilton, Jr.",103,House,(NY-19),New York,NY,19,200,,0.07,-0.423,0.653,180,843,-359.00111
2017-01-22 02:00:21,MH10315612,15612,"LOWEY, Nita M.",103,House,(NY-18),New York,NY,18,100,,-0.39,-0.15,0.873,51,950,-129.13774
2017-01-22 02:00:21,MH10315603,15603,"ENGEL, Eliot Lance",103,House,(NY-17),New York,NY,17,100,,-0.411,-0.058,0.85,69,870,-141.82766
2017-01-22 02:00:21,MH10329134,29134,"SERRANO, José E.",103,House,(NY-16),New York,NY,16,100,,-0.489,-0.395,0.881,58,925,-116.8723
2017-01-22 02:00:21,MH10313035,13035,"RANGEL, Charles B.",103,House,(NY-15),New York,NY,15,100,,-0.514,-0.341,0.846,65,851,-142.69517
2017-01-22 02:00:21,MH10329379,29379,"MALONEY, Carolyn Bosher",103,House,(NY-14),New York,NY,14,100,,-0.387,-0.278,0.835,62,932,-167.92221
2017-01-22 02:00:21,MH10315639,15639,"MOLINARI, Susan",103,House,(NY-13),New York,NY,13,200,,0.256,-0.5,0.751,118,962,-275.70423
2017-01-22 02:00:21,MH10329378,29378,"VELÁZQUEZ, Nydia M.",103,House,(NY-12),New York,NY,12,100,,-0.546,-0.343,0.874,57,928,-124.88053
2017-01-22 02:00:21,MH10315050,15050,"OWENS, Major Robert Odell",103,House,(NY-11),New York,NY,11,100,,-0.569,-0.516,0.863,57,855,-125.56569
2017-01-22 02:00:21,MH10315072,15072,"TOWNS, Edolphus",103,House,(NY-10),New York,NY,10,100,,-0.519,-0.132,0.857,51,825,-127.18374
2017-01-22 02:00:21,MH10314858,14858,"SCHUMER, Charles Ellis (Chuck)",103,House,(NY-09),New York,NY,9,100,,-0.349,-0.401,0.849,57,912,3410.31
2017-01-22 02:00:21,MH10329377,29377,"NADLER, Jerrold Lewis",103,House,(NY-08),New York,NY,8,100,,-0.509,-0.533,0.85,63,920,-149.62113
2017-01-22 02:00:21,MH10315107,15107,"MANTON, Thomas J.",103,House,(NY-07),New York,NY,7,100,,-0.361,0.382,0.817,74,903,-182.05812
2017-01-22 02:00:21,MH10315412,15412,"FLAKE, Floyd Harold",103,House,(NY-06),New York,NY,6,100,,-0.455,-0.092,0.856,55,875,-136.06958
2017-01-22 02:00:21,MH10315000,15000,"ACKERMAN, Gary Leonard",103,House,(NY-05),New York,NY,5,100,,-0.429,-0.165,0.828,79,899,-169.95686
2017-01-22 02:00:21,MH10329376,29376,"LEVY, David A.",103,House,(NY-04),New York,NY,4,200,,0.347,-0.354,0.797,79,965,-219.29984
2017-01-22 02:00:21,MH10329375,29375,"KING, Peter T.",103,House,(NY-03),New York,NY,3,200,,0.26,-0.017,0.711,117,963,-328.20708
2017-01-22 02:00:21,MH10329374,29374,"LAZIO, Enrico A. (Rick)",103,House,(NY-02),New York,NY,2,200,,0.216,-0.588,0.736,121,961,-294.80551
2017-01-22 02:00:21,MH10315421,15421,"HOCHBRUECKNER, George Joseph",103,House,(NY-01),New York,NY,1,100,,-0.348,0.117,0.835,76,951,-171.60967
2017-01-22 02:00:21,MH10329373,29373,"MENENDEZ, Robert",103,House,(NJ-13),New Jersey,NJ,13,100,,-0.362,-0.113,0.82,82,952,3187.111
2017-01-22 02:00:21,MH10329133,29133,"ZIMMER, Richard",103,House,(NJ-12),New Jersey,NJ,12,200,,0.27,-0.963,0.751,121,957,-274.46771
2017-01-22 02:00:21,MH10315099,15099,"GALLO, Dean Anderson",103,House,(NJ-11),New Jersey,NJ,11,200,,0.203,-0.498,0.713,114,733,-247.56185
2017-01-22 02:00:21,MH10315619,15619,"PAYNE, Donald Milford",103,House,(NJ-10),New Jersey,NJ,10,100,,-0.592,-0.547,0.89,42,935,-109.19624
2017-01-22 02:00:21,MH10315071,15071,"TORRICELLI, Robert Guy",103,House,(NJ-09),New Jersey,NJ,9,100,,-0.262,-0.118,0.765,104,885,-236.96642
2017-01-22 02:00:21,MH10329372,29372,"KLEIN, Herbert C.",103,House,(NJ-08),New Jersey,NJ,8,100,,-0.286,-0.214,0.82,79,951,-189.07534
2017-01-22 02:00:21,MH10329371,29371,"FRANKS, Robert Douglas",103,House,(NJ-07),New Jersey,NJ,7,200,,0.259,-0.836,0.757,125,956,-265.96102
2017-01-22 02:00:21,MH10315454,15454,"PALLONE, Frank, Jr.",103,House,(NJ-06),New Jersey,NJ,6,100,,-0.397,-0.175,0.721,120,969,-316.89081
2017-01-22 02:00:21,MH10314855,14855,"ROUKEMA, Margaret Scafati",103,House,(NJ-05),New Jersey,NJ,5,200,,0.162,-0.701,0.713,128,915,-309.98345
2017-01-22 02:00:21,MH10314863,14863,"SMITH, Christopher Henry",103,House,(NJ-04),New Jersey,NJ,4,200,,0.156,-0.175,0.67,179,951,-381.19884
2017-01-22 02:00:21,MH10315112,15112,"SAXTON, Hugh James",103,House,(NJ-03),New Jersey,NJ,3,200,,0.238,-0.378,0.761,116,950,-259.87762
2017-01-22 02:00:21,MH10314238,14238,"HUGHES, William John",103,House,(NJ-02),New Jersey,NJ,2,100,,-0.153,-0.204,0.733,106,960,-297.54453
2017-01-22 02:00:21,MH10329132,29132,"ANDREWS, Robert Ernest",103,House,(NJ-01),New Jersey,NJ,1,100,,-0.297,-0.119,0.606,189,923,-462.08184
2017-01-22 02:00:21,MH10329327,29327,"CASTLE, Michael Newbold",103,House,(DE-01),Delaware,DE,1,200,,0.229,-0.7,0.753,122,964,-273.24151
2017-01-22 02:00:21,MH10329147,29147,"SANDERS, Bernard",103,House,(VT-01),Vermont,VT,1,328,,-0.508,-0.309,0.808,83,926,3392.862
2017-01-22 02:00:21,MH10329142,29142,"REED, John F. (Jack)",103,House,(RI-02),Rhode Island,RI,2,100,,-0.391,-0.246,0.854,61,962,2221.34
2017-01-22 02:00:21,MH10315615,15615,"MACHTLEY, Ronald K.",103,House,(RI-01),Rhode Island,RI,1,200,,0.113,-0.86,0.764,102,880,-237.2778
2017-01-22 02:00:21,MH10329131,29131,"SWETT, Richard",103,House,(NH-02),New Hampshire,NH,2,100,,-0.144,-0.141,0.703,151,930,-327.13444
2017-01-22 02:00:21,MH10329130,29130,"ZELIFF, William H., Jr.",103,House,(NH-01),New Hampshire,NH,1,200,,0.438,-0.461,0.784,84,932,-226.56687
2017-01-22 02:00:21,MH10314055,14055,"STUDDS, Gerry Eastman",103,House,(MA-10),Massachusetts,MA,10,100,,-0.444,-0.593,0.893,38,945,-107.40616
2017-01-22 02:00:21,MH10314039,14039,"MOAKLEY, John Joseph",103,House,(MA-09),Massachusetts,MA,9,100,,-0.418,-0.054,0.879,48,872,-112.04384
2017-01-22 02:00:21,MH10315427,15427,"KENNEDY, Joseph Patrick, II",103,House,(MA-08),Massachusetts,MA,8,100,,-0.413,-0.453,0.857,59,931,-143.52516
2017-01-22 02:00:21,MH10314435,14435,"MARKEY, Edward John",103,House,(MA-07),Massachusetts,MA,7,100,,-0.499,-0.429,0.895,33,940,5524.009
2017-01-22 02:00:21,MH10329359,29359,"TORKILDSEN, Peter Gerard",103,House,(MA-06),Massachusetts,MA,6,200,,0.155,-0.7,0.746,121,955,-280.07987
2017-01-22 02:00:21,MH10329358,29358,"MEEHAN, Martin Thomas",103,House,(MA-05),Massachusetts,MA,5,100,,-0.39,-0.539,0.786,83,931,-224.4651
2017-01-22 02:00:21,MH10314824,14824,"FRANK, Barney",103,House,(MA-04),Massachusetts,MA,4,100,,-0.499,-0.534,0.859,50,941,-142.74119
2017-01-22 02:00:21,MH10329357,29357,"BLUTE, Peter I.",103,House,(MA-03),Massachusetts,MA,3,200,,0.192,-0.463,0.737,123,933,-284.12313
2017-01-22 02:00:21,MH10315616,15616,"NEAL, Richard Edmund",103,House,(MA-02),Massachusetts,MA,2,100,,-0.417,-0.12,0.858,60,941,-143.60104
2017-01-22 02:00:21,MH10329123,29123,"OLVER, John Walter",103,House,(MA-01),Massachusetts,MA,1,100,,-0.577,-0.207,0.895,39,955,-106.06986
2017-01-22 02:00:21,MH10314661,14661,"SNOWE, Olympia Jean",103,House,(ME-02),Maine,ME,2,200,,0.091,-0.548,0.695,155,964,-351.22876
2017-01-22 02:00:21,MH10329121,29121,"ANDREWS, Thomas Hiram",103,House,(ME-01),Maine,ME,1,100,,-0.398,-0.624,0.839,58,947,-166.24476
2017-01-22 02:00:21,MH10315028,15028,"JOHNSON, Nancy Lee",103,House,(CT-06),Connecticut,CT,6,200,,0.122,-0.513,0.693,156,940,-344.52452
2017-01-22 02:00:21,MH10329110,29110,"FRANKS, Gary A.",103,House,(CT-05),Connecticut,CT,5,200,,0.273,-0.519,0.747,130,956,-278.2324
2017-01-22 02:00:21,MH10315449,15449,"SHAYS, Christopher H.",103,House,(CT-04),Connecticut,CT,4,200,,0.129,-0.992,0.732,141,969,-301.98581
2017-01-22 02:00:21,MH10329109,29109,"DeLAURO, Rosa L.",103,House,(CT-03),Connecticut,CT,3,100,,-0.421,-0.095,0.866,57,958,-138.01692
2017-01-22 02:00:21,MH10314825,14825,"GEJDENSON, Samuel",103,House,(CT-02),Connecticut,CT,2,100,,-0.416,-0.486,0.869,51,951,-133.88606
2017-01-22 02:00:21,MH10314877,14877,"KENNELLY, Barbara Bailey",103,House,(CT-01),Connecticut,CT,1,100,,-0.346,-0.13,0.858,57,960,-146.69473
