/var/www/voteview/static/data/csv/member/member_both_004_2017_01_23_00_26_25.csv